50 50 5.21593e-18 1343.5
50 100 5.03112e-18 1308.63
50 550 5.91024e-18 1051.19
50 600 5.99966e-18 1030.78
50 650 6.08254e-18 1012.42
50 700 6.15793e-18 996.243
50 750 6.2243e-18 982.344
50 800 6.28016e-18 970.824
50 850 6.32507e-18 961.769
50 900 6.35792e-18 955.249
50 950 6.3776e-18 951.315
50 1000 6.38421e-18 950
50 150 5.09202e-18 1274.75
50 1050 6.3776e-18 951.315
50 1100 6.35792e-18 955.249
50 1150 6.32507e-18 961.769
50 1200 6.28016e-18 970.824
50 1250 6.2243e-18 982.344
50 1300 6.15793e-18 996.243
50 1350 6.08254e-18 1012.42
50 1400 5.99966e-18 1030.78
50 1450 5.91024e-18 1051.19
50 1500 5.81601e-18 1073.55
50 200 5.2013e-18 1241.97
50 1550 5.71771e-18 1097.72
50 1600 5.61685e-18 1123.61
50 1650 5.51417e-18 1151.09
50 1700 5.41016e-18 1180.04
50 1750 5.30436e-18 1210.37
50 1800 5.2013e-18 1241.97
50 1850 5.09202e-18 1274.75
50 1900 5.03112e-18 1308.63
50 250 5.30436e-18 1210.37
50 300 5.41016e-18 1180.04
50 350 5.51417e-18 1151.09
50 400 5.61685e-18 1123.61
50 450 5.71771e-18 1097.72
50 500 5.81601e-18 1073.55
550 50 5.91024e-18 1051.19
550 100 6.11118e-18 1006.23
550 550 8.56608e-18 636.396
550 600 8.92114e-18 602.08
550 650 9.30457e-18 570.088
550 700 9.69657e-18 540.833
550 750 1.00724e-17 514.782
550 800 1.0407e-17 492.443
550 850 1.06788e-17 474.342
550 900 1.08765e-17 460.977
550 950 1.09963e-17 452.769
550 1000 1.10365e-17 450
550 150 6.32296e-18 961.769
550 1050 1.09963e-17 452.769
550 1100 1.08765e-17 460.977
550 1150 1.06788e-17 474.342
550 1200 1.0407e-17 492.443
550 1250 1.00724e-17 514.782
550 1300 9.69657e-18 540.833
550 1350 9.30457e-18 570.088
550 1400 8.92114e-18 602.08
550 1450 8.56608e-18 636.396
550 1500 8.24206e-18 672.681
550 200 6.54946e-18 917.878
550 1550 7.9302e-18 710.634
550 1600 7.62002e-18 750
550 1650 7.32183e-18 790.569
550 1700 7.04399e-18 832.166
550 1750 6.78819e-18 874.643
550 1800 6.54946e-18 917.878
550 1850 6.32296e-18 961.769
550 1900 6.11118e-18 1006.23
550 250 6.78819e-18 874.643
550 300 7.04399e-18 832.166
550 350 7.32183e-18 790.569
550 400 7.62002e-18 750
550 450 7.9302e-18 710.634
550 500 8.24206e-18 672.681
600 50 5.99966e-18 1030.78
600 100 6.21164e-18 984.886
600 550 8.92114e-18 602.08
600 600 9.36117e-18 565.685
600 650 9.82863e-18 531.507
600 700 1.02932e-17 500
600 750 1.07181e-17 471.699
600 800 1.10768e-17 447.214
600 850 1.13672e-17 427.2
600 900 1.15914e-17 412.311
600 950 1.17383e-17 403.113
600 1000 1.17902e-17 400
600 150 6.43577e-18 939.415
600 1050 1.17383e-17 403.113
600 1100 1.15914e-17 412.311
600 1150 1.13672e-17 427.2
600 1200 1.10768e-17 447.214
600 1250 1.07181e-17 471.699
600 1300 1.02932e-17 500
600 1350 9.82863e-18 531.507
600 1400 9.36117e-18 565.685
600 1450 8.92114e-18 602.08
600 1500 8.52954e-18 640.312
600 200 6.67701e-18 894.427
600 1550 8.17916e-18 680.074
600 1600 7.84558e-18 721.11
600 1650 7.51935e-18 763.217
600 1700 7.21368e-18 806.226
600 1750 6.93318e-18 850
600 1800 6.67701e-18 894.427
600 1850 6.43577e-18 939.415
600 1900 6.21164e-18 984.886
600 250 6.93318e-18 850
600 300 7.21368e-18 806.226
600 350 7.51935e-18 763.217
600 400 7.84558e-18 721.11
600 450 8.17916e-18 680.074
600 500 8.52954e-18 640.312
650 50 6.08254e-18 1012.42
650 100 6.30509e-18 965.66
650 550 9.30457e-18 570.088
650 600 9.82863e-18 531.507
650 650 1.03689e-17 494.975
650 700 1.08765e-17 460.977
650 750 1.13245e-17 430.116
650 800 1.17383e-17 403.113
650 850 1.21438e-17 380.789
650 900 1.25185e-17 364.005
650 950 1.27933e-17 353.553
650 1000 1.28951e-17 350
650 150 6.54138e-18 919.239
650 1050 1.27933e-17 353.553
650 1100 1.25185e-17 364.005
650 1150 1.21438e-17 380.789
650 1200 1.17383e-17 403.113
650 1250 1.13245e-17 430.116
650 1300 1.08765e-17 460.977
650 1350 1.03689e-17 494.975
650 1400 9.82863e-18 531.507
650 1450 9.30457e-18 570.088
650 1500 8.83035e-18 610.328
650 200 6.79621e-18 873.212
650 1550 8.42256e-18 651.92
650 1600 8.05958e-18 694.622
650 1650 7.71165e-18 738.241
650 1700 7.37732e-18 782.624
650 1750 7.07241e-18 827.647
650 1800 6.79621e-18 873.212
650 1850 6.54138e-18 919.239
650 1900 6.30509e-18 965.66
650 250 7.07241e-18 827.647
650 300 7.37732e-18 782.624
650 350 7.71165e-18 738.241
650 400 8.05958e-18 694.622
650 450 8.42256e-18 651.92
650 500 8.83035e-18 610.328
700 50 6.15793e-18 996.243
700 100 6.39031e-18 948.683
700 550 9.69657e-18 540.833
700 600 1.02932e-17 500
700 650 1.08765e-17 460.977
700 700 1.14105e-17 424.264
700 750 1.19567e-17 390.512
700 800 1.26054e-17 360.555
700 850 1.33616e-17 335.41
700 900 1.4104e-17 316.228
700 950 1.46514e-17 304.138
700 1000 1.4853e-17 300
700 150 6.63739e-18 901.388
700 1050 1.46514e-17 304.138
700 1100 1.4104e-17 316.228
700 1150 1.33616e-17 335.41
700 1200 1.26054e-17 360.555
700 1250 1.19567e-17 390.512
700 1300 1.14105e-17 424.264
700 1350 1.08765e-17 460.977
700 1400 1.02932e-17 500
700 1450 9.69657e-18 540.833
700 1500 9.14253e-18 583.095
700 200 6.90663e-18 854.4
700 1550 8.66333e-18 626.498
700 1600 8.25831e-18 670.82
700 1650 7.8879e-18 715.891
700 1700 7.53227e-18 761.577
700 1750 7.20262e-18 807.775
700 1800 6.90663e-18 854.4
700 1850 6.63739e-18 901.388
700 1900 6.39031e-18 948.683
700 250 7.20262e-18 807.775
700 300 7.53227e-18 761.577
700 350 7.8879e-18 715.891
700 400 8.25831e-18 670.82
700 450 8.66333e-18 626.498
700 500 9.14253e-18 583.095
750 50 6.2243e-18 982.344
750 100 6.46513e-18 934.077
750 550 1.00724e-17 514.782
750 600 1.07181e-17 471.699
750 650 1.13245e-17 430.116
750 700 1.19567e-17 390.512
750 750 1.27933e-17 353.553
750 800 1.39395e-17 320.156
750 850 1.52868e-17 291.548
750 900 1.65531e-17 269.258
750 950 1.74133e-17 254.951
750 1000 1.77062e-17 250
750 150 6.72313e-18 886.002
750 1050 1.74133e-17 254.951
750 1100 1.65531e-17 269.258
750 1150 1.52868e-17 291.548
750 1200 1.39395e-17 320.156
750 1250 1.27933e-17 353.553
750 1300 1.19567e-17 390.512
750 1350 1.13245e-17 430.116
750 1400 1.07181e-17 471.699
750 1450 1.00724e-17 514.782
750 1500 9.44873e-18 559.017
750 200 7.00539e-18 838.153
750 1550 8.89808e-18 604.152
750 1600 8.43986e-18 650
750 1650 8.04454e-18 696.419
750 1700 7.67191e-18 743.303
750 1750 7.32177e-18 790.569
750 1800 7.00539e-18 838.153
750 1850 6.72313e-18 886.002
750 1900 6.46513e-18 934.077
750 250 7.32177e-18 790.569
750 300 7.67191e-18 743.303
750 350 8.04454e-18 696.419
750 400 8.43986e-18 650
750 450 8.89808e-18 604.152
750 500 9.44873e-18 559.017
800 50 6.28016e-18 970.824
800 100 6.52904e-18 921.954
800 550 1.0407e-17 492.443
800 600 1.10768e-17 447.214
800 650 1.17383e-17 403.113
800 700 1.26054e-17 360.555
800 750 1.39395e-17 320.156
800 800 1.57627e-17 282.843
800 850 1.77062e-17 250
800 900 1.90239e-17 223.607
800 950 1.94848e-17 206.155
800 1000 1.954e-17 200
800 150 6.79567e-18 873.212
800 1050 1.94848e-17 206.155
800 1100 1.90239e-17 223.607
800 1150 1.77062e-17 250
800 1200 1.57627e-17 282.843
800 1250 1.39395e-17 320.156
800 1300 1.26054e-17 360.555
800 1350 1.17383e-17 403.113
800 1400 1.10768e-17 447.214
800 1450 1.0407e-17 492.443
800 1500 9.7291e-18 538.516
800 200 7.09151e-18 824.621
800 1550 9.11645e-18 585.235
800 1600 8.60388e-18 632.456
800 1650 8.17899e-18 680.074
800 1700 7.79178e-18 728.011
800 1750 7.42441e-18 776.209
800 1800 7.09151e-18 824.621
800 1850 6.79567e-18 873.212
800 1900 6.52904e-18 921.954
800 250 7.42441e-18 776.209
800 300 7.79178e-18 728.011
800 350 8.17899e-18 680.074
800 400 8.60388e-18 632.456
800 450 9.11645e-18 585.235
800 500 9.7291e-18 538.516
850 50 6.32507e-18 961.769
850 100 6.57966e-18 912.414
850 550 1.06788e-17 474.342
850 600 1.13672e-17 427.2
850 650 1.21438e-17 380.789
850 700 1.33616e-17 335.41
850 750 1.52868e-17 291.548
850 800 1.77062e-17 250
850 850 1.93766e-17 212.132
850 900 1.94045e-17 180.278
850 950 1.92395e-17 158.114
850 1000 1.93444e-17 150
850 150 6.85482e-18 863.134
850 1050 1.92395e-17 158.114
850 1100 1.94045e-17 180.278
850 1150 1.93766e-17 212.132
850 1200 1.77062e-17 250
850 1250 1.52868e-17 291.548
850 1300 1.33616e-17 335.41
850 1350 1.21438e-17 380.789
850 1400 1.13672e-17 427.2
850 1450 1.06788e-17 474.342
850 1500 9.96602e-18 522.015
850 200 7.16109e-18 813.941
850 1550 9.3044e-18 570.088
850 1600 8.74442e-18 618.466
850 1650 8.28932e-18 667.083
850 1700 7.88787e-18 715.891
850 1750 7.50812e-18 764.853
850 1800 7.16109e-18 813.941
850 1850 6.85482e-18 863.134
850 1900 6.57966e-18 912.414
850 250 7.50812e-18 764.853
850 300 7.88787e-18 715.891
850 350 8.28932e-18 667.083
850 400 8.74442e-18 618.466
850 450 9.3044e-18 570.088
850 500 9.96602e-18 522.015
900 50 6.35792e-18 955.249
900 100 6.61672e-18 905.539
900 550 1.08765e-17 460.977
900 600 1.15914e-17 412.311
900 650 1.25185e-17 364.005
900 700 1.4104e-17 316.228
900 750 1.65531e-17 269.258
900 800 1.90239e-17 223.607
900 850 1.94045e-17 180.278
900 900 1.96289e-17 141.421
900 950 2.26436e-17 111.803
900 1000 2.49384e-17 100
900 150 6.89801e-18 855.862
900 1050 2.26436e-17 111.803
900 1100 1.96289e-17 141.421
900 1150 1.94045e-17 180.278
900 1200 1.90239e-17 223.607
900 1250 1.65531e-17 269.258
900 1300 1.4104e-17 316.228
900 1350 1.25185e-17 364.005
900 1400 1.15914e-17 412.311
900 1450 1.08765e-17 460.977
900 1500 1.01449e-17 509.902
900 200 7.21289e-18 806.226
900 1550 9.44861e-18 559.017
900 1600 8.85285e-18 608.276
900 1650 8.37183e-18 657.647
900 1700 7.95833e-18 707.107
900 1750 7.56968e-18 756.637
900 1800 7.21289e-18 806.226
900 1850 6.89801e-18 855.862
900 1900 6.61672e-18 905.539
900 250 7.56968e-18 756.637
900 300 7.95833e-18 707.107
900 350 8.37183e-18 657.647
900 400 8.85285e-18 608.276
900 450 9.44861e-18 559.017
900 500 1.01449e-17 509.902
950 50 6.3776e-18 951.315
950 100 6.63946e-18 901.388
950 550 1.09963e-17 452.769
950 600 1.17383e-17 403.113
950 650 1.27933e-17 353.553
950 700 1.46514e-17 304.138
950 750 1.74133e-17 254.951
950 800 1.94848e-17 206.155
950 850 1.92395e-17 158.114
950 900 2.26436e-17 111.803
950 950 3.38481e-17 70.7107
950 1000 4.52253e-17 50
950 150 6.92439e-18 851.469
950 1050 3.38481e-17 70.7107
950 1100 2.26436e-17 111.803
950 1150 1.92395e-17 158.114
950 1200 1.94848e-17 206.155
950 1250 1.74133e-17 254.951
950 1300 1.46514e-17 304.138
950 1350 1.27933e-17 353.553
950 1400 1.17383e-17 403.113
950 1450 1.09963e-17 452.769
950 1500 1.02558e-17 502.494
950 200 7.24472e-18 801.561
950 1550 9.53913e-18 552.268
950 1600 8.92132e-18 602.08
950 1650 8.42306e-18 651.92
950 1700 8.00133e-18 701.783
950 1750 7.60747e-18 751.665
950 1800 7.24472e-18 801.561
950 1850 6.92439e-18 851.469
950 1900 6.63946e-18 901.388
950 250 7.60747e-18 751.665
950 300 8.00133e-18 701.783
950 350 8.42306e-18 651.92
950 400 8.92132e-18 602.08
950 450 9.53913e-18 552.268
950 500 1.02558e-17 502.494
1000 50 6.38421e-18 950
1000 100 6.64697e-18 900
1000 550 1.10365e-17 450
1000 600 1.17902e-17 400
1000 650 1.28951e-17 350
1000 700 1.4853e-17 300
1000 750 1.77062e-17 250
1000 800 1.954e-17 200
1000 850 1.93444e-17 150
1000 900 2.49384e-17 100
1000 950 4.52253e-17 50
1000 1000 9.99043e-20 0
1000 150 6.93339e-18 850
1000 1050 4.52253e-17 50
1000 1100 2.49384e-17 100
1000 1150 1.93444e-17 150
1000 1200 1.954e-17 200
1000 1250 1.77062e-17 250
1000 1300 1.4853e-17 300
1000 1350 1.28951e-17 350
1000 1400 1.17902e-17 400
1000 1450 1.10365e-17 450
1000 1500 1.02932e-17 500
1000 200 7.25538e-18 800
1000 1550 9.56997e-18 550
1000 1600 8.94473e-18 600
1000 1650 8.44044e-18 650
1000 1700 8.01578e-18 700
1000 1750 7.62022e-18 750
1000 1800 7.25538e-18 800
1000 1850 6.93339e-18 850
1000 1900 6.64697e-18 900
1000 250 7.62022e-18 750
1000 300 8.01578e-18 700
1000 350 8.44044e-18 650
1000 400 8.94473e-18 600
1000 450 9.56997e-18 550
1000 500 1.02932e-17 500
100 50 5.03112e-18 1308.63
100 100 5.09201e-18 1272.79
100 550 6.11118e-18 1006.23
100 600 6.21164e-18 984.886
100 650 6.30509e-18 965.66
100 700 6.39031e-18 948.683
100 750 6.46513e-18 934.077
100 800 6.52904e-18 921.954
100 850 6.57966e-18 912.414
100 900 6.61672e-18 905.539
100 950 6.63946e-18 901.388
100 1000 6.64697e-18 900
100 150 5.20485e-18 1237.94
100 1050 6.63946e-18 901.388
100 1100 6.61672e-18 905.539
100 1150 6.57966e-18 912.414
100 1200 6.52904e-18 921.954
100 1250 6.46513e-18 934.077
100 1300 6.39031e-18 948.683
100 1350 6.30509e-18 965.66
100 1400 6.21164e-18 984.886
100 1450 6.11118e-18 1006.23
100 1500 6.00531e-18 1029.56
100 200 5.32122e-18 1204.16
100 1550 5.89527e-18 1054.75
100 1600 5.78237e-18 1081.67
100 1650 5.66716e-18 1110.18
100 1700 5.55146e-18 1140.18
100 1750 5.43441e-18 1171.54
100 1800 5.32122e-18 1204.16
100 1850 5.20485e-18 1237.94
100 1900 5.09201e-18 1272.79
100 250 5.43441e-18 1171.54
100 300 5.55146e-18 1140.18
100 350 5.66716e-18 1110.18
100 400 5.78237e-18 1081.67
100 450 5.89527e-18 1054.75
100 500 6.00531e-18 1029.56
1050 50 6.3776e-18 951.315
1050 100 6.63946e-18 901.388
1050 550 1.09963e-17 452.769
1050 600 1.17383e-17 403.113
1050 650 1.27933e-17 353.553
1050 700 1.46514e-17 304.138
1050 750 1.74133e-17 254.951
1050 800 1.94848e-17 206.155
1050 850 1.92395e-17 158.114
1050 900 2.26436e-17 111.803
1050 950 3.38481e-17 70.7107
1050 1000 4.52253e-17 50
1050 150 6.92439e-18 851.469
1050 1050 3.38481e-17 70.7107
1050 1100 2.26436e-17 111.803
1050 1150 1.92395e-17 158.114
1050 1200 1.94848e-17 206.155
1050 1250 1.74133e-17 254.951
1050 1300 1.46514e-17 304.138
1050 1350 1.27933e-17 353.553
1050 1400 1.17383e-17 403.113
1050 1450 1.09963e-17 452.769
1050 1500 1.02558e-17 502.494
1050 200 7.24472e-18 801.561
1050 1550 9.53913e-18 552.268
1050 1600 8.92132e-18 602.08
1050 1650 8.42306e-18 651.92
1050 1700 8.00133e-18 701.783
1050 1750 7.60747e-18 751.665
1050 1800 7.24472e-18 801.561
1050 1850 6.92439e-18 851.469
1050 1900 6.63946e-18 901.388
1050 250 7.60747e-18 751.665
1050 300 8.00133e-18 701.783
1050 350 8.42306e-18 651.92
1050 400 8.92132e-18 602.08
1050 450 9.53913e-18 552.268
1050 500 1.02558e-17 502.494
1100 50 6.35792e-18 955.249
1100 100 6.61672e-18 905.539
1100 550 1.08765e-17 460.977
1100 600 1.15914e-17 412.311
1100 650 1.25185e-17 364.005
1100 700 1.4104e-17 316.228
1100 750 1.65531e-17 269.258
1100 800 1.90239e-17 223.607
1100 850 1.94045e-17 180.278
1100 900 1.96289e-17 141.421
1100 950 2.26436e-17 111.803
1100 1000 2.49384e-17 100
1100 150 6.89801e-18 855.862
1100 1050 2.26436e-17 111.803
1100 1100 1.96289e-17 141.421
1100 1150 1.94045e-17 180.278
1100 1200 1.90239e-17 223.607
1100 1250 1.65531e-17 269.258
1100 1300 1.4104e-17 316.228
1100 1350 1.25185e-17 364.005
1100 1400 1.15914e-17 412.311
1100 1450 1.08765e-17 460.977
1100 1500 1.01449e-17 509.902
1100 200 7.21289e-18 806.226
1100 1550 9.44861e-18 559.017
1100 1600 8.85285e-18 608.276
1100 1650 8.37183e-18 657.647
1100 1700 7.95833e-18 707.107
1100 1750 7.56968e-18 756.637
1100 1800 7.21289e-18 806.226
1100 1850 6.89801e-18 855.862
1100 1900 6.61672e-18 905.539
1100 250 7.56968e-18 756.637
1100 300 7.95833e-18 707.107
1100 350 8.37183e-18 657.647
1100 400 8.85285e-18 608.276
1100 450 9.44861e-18 559.017
1100 500 1.01449e-17 509.902
1150 50 6.32507e-18 961.769
1150 100 6.57966e-18 912.414
1150 550 1.06788e-17 474.342
1150 600 1.13672e-17 427.2
1150 650 1.21438e-17 380.789
1150 700 1.33616e-17 335.41
1150 750 1.52868e-17 291.548
1150 800 1.77062e-17 250
1150 850 1.93766e-17 212.132
1150 900 1.94045e-17 180.278
1150 950 1.92395e-17 158.114
1150 1000 1.93444e-17 150
1150 150 6.85482e-18 863.134
1150 1050 1.92395e-17 158.114
1150 1100 1.94045e-17 180.278
1150 1150 1.93766e-17 212.132
1150 1200 1.77062e-17 250
1150 1250 1.52868e-17 291.548
1150 1300 1.33616e-17 335.41
1150 1350 1.21438e-17 380.789
1150 1400 1.13672e-17 427.2
1150 1450 1.06788e-17 474.342
1150 1500 9.96602e-18 522.015
1150 200 7.16109e-18 813.941
1150 1550 9.3044e-18 570.088
1150 1600 8.74442e-18 618.466
1150 1650 8.28932e-18 667.083
1150 1700 7.88787e-18 715.891
1150 1750 7.50812e-18 764.853
1150 1800 7.16109e-18 813.941
1150 1850 6.85482e-18 863.134
1150 1900 6.57966e-18 912.414
1150 250 7.50812e-18 764.853
1150 300 7.88787e-18 715.891
1150 350 8.28932e-18 667.083
1150 400 8.74442e-18 618.466
1150 450 9.3044e-18 570.088
1150 500 9.96602e-18 522.015
1200 50 6.28016e-18 970.824
1200 100 6.52904e-18 921.954
1200 550 1.0407e-17 492.443
1200 600 1.10768e-17 447.214
1200 650 1.17383e-17 403.113
1200 700 1.26054e-17 360.555
1200 750 1.39395e-17 320.156
1200 800 1.57627e-17 282.843
1200 850 1.77062e-17 250
1200 900 1.90239e-17 223.607
1200 950 1.94848e-17 206.155
1200 1000 1.954e-17 200
1200 150 6.79567e-18 873.212
1200 1050 1.94848e-17 206.155
1200 1100 1.90239e-17 223.607
1200 1150 1.77062e-17 250
1200 1200 1.57627e-17 282.843
1200 1250 1.39395e-17 320.156
1200 1300 1.26054e-17 360.555
1200 1350 1.17383e-17 403.113
1200 1400 1.10768e-17 447.214
1200 1450 1.0407e-17 492.443
1200 1500 9.7291e-18 538.516
1200 200 7.09151e-18 824.621
1200 1550 9.11645e-18 585.235
1200 1600 8.60388e-18 632.456
1200 1650 8.17899e-18 680.074
1200 1700 7.79178e-18 728.011
1200 1750 7.42441e-18 776.209
1200 1800 7.09151e-18 824.621
1200 1850 6.79567e-18 873.212
1200 1900 6.52904e-18 921.954
1200 250 7.42441e-18 776.209
1200 300 7.79178e-18 728.011
1200 350 8.17899e-18 680.074
1200 400 8.60388e-18 632.456
1200 450 9.11645e-18 585.235
1200 500 9.7291e-18 538.516
1250 50 6.2243e-18 982.344
1250 100 6.46513e-18 934.077
1250 550 1.00724e-17 514.782
1250 600 1.07181e-17 471.699
1250 650 1.13245e-17 430.116
1250 700 1.19567e-17 390.512
1250 750 1.27933e-17 353.553
1250 800 1.39395e-17 320.156
1250 850 1.52868e-17 291.548
1250 900 1.65531e-17 269.258
1250 950 1.74133e-17 254.951
1250 1000 1.77062e-17 250
1250 150 6.72313e-18 886.002
1250 1050 1.74133e-17 254.951
1250 1100 1.65531e-17 269.258
1250 1150 1.52868e-17 291.548
1250 1200 1.39395e-17 320.156
1250 1250 1.27933e-17 353.553
1250 1300 1.19567e-17 390.512
1250 1350 1.13245e-17 430.116
1250 1400 1.07181e-17 471.699
1250 1450 1.00724e-17 514.782
1250 1500 9.44873e-18 559.017
1250 200 7.00539e-18 838.153
1250 1550 8.89808e-18 604.152
1250 1600 8.43986e-18 650
1250 1650 8.04454e-18 696.419
1250 1700 7.67191e-18 743.303
1250 1750 7.32177e-18 790.569
1250 1800 7.00539e-18 838.153
1250 1850 6.72313e-18 886.002
1250 1900 6.46513e-18 934.077
1250 250 7.32177e-18 790.569
1250 300 7.67191e-18 743.303
1250 350 8.04454e-18 696.419
1250 400 8.43986e-18 650
1250 450 8.89808e-18 604.152
1250 500 9.44873e-18 559.017
1300 50 6.15793e-18 996.243
1300 100 6.39031e-18 948.683
1300 550 9.69657e-18 540.833
1300 600 1.02932e-17 500
1300 650 1.08765e-17 460.977
1300 700 1.14105e-17 424.264
1300 750 1.19567e-17 390.512
1300 800 1.26054e-17 360.555
1300 850 1.33616e-17 335.41
1300 900 1.4104e-17 316.228
1300 950 1.46514e-17 304.138
1300 1000 1.4853e-17 300
1300 150 6.63739e-18 901.388
1300 1050 1.46514e-17 304.138
1300 1100 1.4104e-17 316.228
1300 1150 1.33616e-17 335.41
1300 1200 1.26054e-17 360.555
1300 1250 1.19567e-17 390.512
1300 1300 1.14105e-17 424.264
1300 1350 1.08765e-17 460.977
1300 1400 1.02932e-17 500
1300 1450 9.69657e-18 540.833
1300 1500 9.14253e-18 583.095
1300 200 6.90663e-18 854.4
1300 1550 8.66333e-18 626.498
1300 1600 8.25831e-18 670.82
1300 1650 7.8879e-18 715.891
1300 1700 7.53227e-18 761.577
1300 1750 7.20262e-18 807.775
1300 1800 6.90663e-18 854.4
1300 1850 6.63739e-18 901.388
1300 1900 6.39031e-18 948.683
1300 250 7.20262e-18 807.775
1300 300 7.53227e-18 761.577
1300 350 7.8879e-18 715.891
1300 400 8.25831e-18 670.82
1300 450 8.66333e-18 626.498
1300 500 9.14253e-18 583.095
1350 50 6.08254e-18 1012.42
1350 100 6.30509e-18 965.66
1350 550 9.30457e-18 570.088
1350 600 9.82863e-18 531.507
1350 650 1.03689e-17 494.975
1350 700 1.08765e-17 460.977
1350 750 1.13245e-17 430.116
1350 800 1.17383e-17 403.113
1350 850 1.21438e-17 380.789
1350 900 1.25185e-17 364.005
1350 950 1.27933e-17 353.553
1350 1000 1.28951e-17 350
1350 150 6.54138e-18 919.239
1350 1050 1.27933e-17 353.553
1350 1100 1.25185e-17 364.005
1350 1150 1.21438e-17 380.789
1350 1200 1.17383e-17 403.113
1350 1250 1.13245e-17 430.116
1350 1300 1.08765e-17 460.977
1350 1350 1.03689e-17 494.975
1350 1400 9.82863e-18 531.507
1350 1450 9.30457e-18 570.088
1350 1500 8.83035e-18 610.328
1350 200 6.79621e-18 873.212
1350 1550 8.42256e-18 651.92
1350 1600 8.05958e-18 694.622
1350 1650 7.71165e-18 738.241
1350 1700 7.37732e-18 782.624
1350 1750 7.07241e-18 827.647
1350 1800 6.79621e-18 873.212
1350 1850 6.54138e-18 919.239
1350 1900 6.30509e-18 965.66
1350 250 7.07241e-18 827.647
1350 300 7.37732e-18 782.624
1350 350 7.71165e-18 738.241
1350 400 8.05958e-18 694.622
1350 450 8.42256e-18 651.92
1350 500 8.83035e-18 610.328
1400 50 5.99966e-18 1030.78
1400 100 6.21164e-18 984.886
1400 550 8.92114e-18 602.08
1400 600 9.36117e-18 565.685
1400 650 9.82863e-18 531.507
1400 700 1.02932e-17 500
1400 750 1.07181e-17 471.699
1400 800 1.10768e-17 447.214
1400 850 1.13672e-17 427.2
1400 900 1.15914e-17 412.311
1400 950 1.17383e-17 403.113
1400 1000 1.17902e-17 400
1400 150 6.43577e-18 939.415
1400 1050 1.17383e-17 403.113
1400 1100 1.15914e-17 412.311
1400 1150 1.13672e-17 427.2
1400 1200 1.10768e-17 447.214
1400 1250 1.07181e-17 471.699
1400 1300 1.02932e-17 500
1400 1350 9.82863e-18 531.507
1400 1400 9.36117e-18 565.685
1400 1450 8.92114e-18 602.08
1400 1500 8.52954e-18 640.312
1400 200 6.67701e-18 894.427
1400 1550 8.17916e-18 680.074
1400 1600 7.84558e-18 721.11
1400 1650 7.51935e-18 763.217
1400 1700 7.21368e-18 806.226
1400 1750 6.93318e-18 850
1400 1800 6.67701e-18 894.427
1400 1850 6.43577e-18 939.415
1400 1900 6.21164e-18 984.886
1400 250 6.93318e-18 850
1400 300 7.21368e-18 806.226
1400 350 7.51935e-18 763.217
1400 400 7.84558e-18 721.11
1400 450 8.17916e-18 680.074
1400 500 8.52954e-18 640.312
1450 50 5.91024e-18 1051.19
1450 100 6.11118e-18 1006.23
1450 550 8.56608e-18 636.396
1450 600 8.92114e-18 602.08
1450 650 9.30457e-18 570.088
1450 700 9.69657e-18 540.833
1450 750 1.00724e-17 514.782
1450 800 1.0407e-17 492.443
1450 850 1.06788e-17 474.342
1450 900 1.08765e-17 460.977
1450 950 1.09963e-17 452.769
1450 1000 1.10365e-17 450
1450 150 6.32296e-18 961.769
1450 1050 1.09963e-17 452.769
1450 1100 1.08765e-17 460.977
1450 1150 1.06788e-17 474.342
1450 1200 1.0407e-17 492.443
1450 1250 1.00724e-17 514.782
1450 1300 9.69657e-18 540.833
1450 1350 9.30457e-18 570.088
1450 1400 8.92114e-18 602.08
1450 1450 8.56608e-18 636.396
1450 1500 8.24206e-18 672.681
1450 200 6.54946e-18 917.878
1450 1550 7.9302e-18 710.634
1450 1600 7.62002e-18 750
1450 1650 7.32183e-18 790.569
1450 1700 7.04399e-18 832.166
1450 1750 6.78819e-18 874.643
1450 1800 6.54946e-18 917.878
1450 1850 6.32296e-18 961.769
1450 1900 6.11118e-18 1006.23
1450 250 6.78819e-18 874.643
1450 300 7.04399e-18 832.166
1450 350 7.32183e-18 790.569
1450 400 7.62002e-18 750
1450 450 7.9302e-18 710.634
1450 500 8.24206e-18 672.681
1500 50 5.81601e-18 1073.55
1500 100 6.00531e-18 1029.56
1500 550 8.24206e-18 672.681
1500 600 8.52954e-18 640.312
1500 650 8.83035e-18 610.328
1500 700 9.14253e-18 583.095
1500 750 9.44873e-18 559.017
1500 800 9.7291e-18 538.516
1500 850 9.96602e-18 522.015
1500 900 1.01449e-17 509.902
1500 950 1.02558e-17 502.494
1500 1000 1.02932e-17 500
1500 150 6.20391e-18 986.154
1500 1050 1.02558e-17 502.494
1500 1100 1.01449e-17 509.902
1500 1150 9.96602e-18 522.015
1500 1200 9.7291e-18 538.516
1500 1250 9.44873e-18 559.017
1500 1300 9.14253e-18 583.095
1500 1350 8.83035e-18 610.328
1500 1400 8.52954e-18 640.312
1500 1450 8.24206e-18 672.681
1500 1500 7.95741e-18 707.107
1500 200 6.41591e-18 943.398
1500 1550 7.67212e-18 743.303
1500 1600 7.38987e-18 781.025
1500 1650 7.12176e-18 820.061
1500 1700 6.87186e-18 860.233
1500 1750 6.63788e-18 901.388
1500 1800 6.41591e-18 943.398
1500 1850 6.20391e-18 986.154
1500 1900 6.00531e-18 1029.56
1500 250 6.63788e-18 901.388
1500 300 6.87186e-18 860.233
1500 350 7.12176e-18 820.061
1500 400 7.38987e-18 781.025
1500 450 7.67212e-18 743.303
1500 500 7.95741e-18 707.107
150 50 5.09202e-18 1274.75
150 100 5.20485e-18 1237.94
150 550 6.32296e-18 961.769
150 600 6.43577e-18 939.415
150 650 6.54138e-18 919.239
150 700 6.63739e-18 901.388
150 750 6.72313e-18 886.002
150 800 6.79567e-18 873.212
150 850 6.85482e-18 863.134
150 900 6.89801e-18 855.862
150 950 6.92439e-18 851.469
150 1000 6.93339e-18 850
150 150 5.33032e-18 1202.08
150 1050 6.92439e-18 851.469
150 1100 6.89801e-18 855.862
150 1150 6.85482e-18 863.134
150 1200 6.79567e-18 873.212
150 1250 6.72313e-18 886.002
150 1300 6.63739e-18 901.388
150 1350 6.54138e-18 919.239
150 1400 6.43577e-18 939.415
150 1450 6.32296e-18 961.769
150 1500 6.20391e-18 986.154
150 200 5.45429e-18 1167.26
150 1550 6.08078e-18 1012.42
150 1600 5.95511e-18 1040.43
150 1650 5.82913e-18 1070.05
150 1700 5.70325e-18 1101.14
150 1750 5.57739e-18 1133.58
150 1800 5.45429e-18 1167.26
150 1850 5.33032e-18 1202.08
150 1900 5.20485e-18 1237.94
150 250 5.57739e-18 1133.58
150 300 5.70325e-18 1101.14
150 350 5.82913e-18 1070.05
150 400 5.95511e-18 1040.43
150 450 6.08078e-18 1012.42
150 500 6.20391e-18 986.154
1550 50 5.71771e-18 1097.72
1550 100 5.89527e-18 1054.75
1550 550 7.9302e-18 710.634
1550 600 8.17916e-18 680.074
1550 650 8.42256e-18 651.92
1550 700 8.66333e-18 626.498
1550 750 8.89808e-18 604.152
1550 800 9.11645e-18 585.235
1550 850 9.3044e-18 570.088
1550 900 9.44861e-18 559.017
1550 950 9.53913e-18 552.268
1550 1000 9.56997e-18 550
1550 150 6.08078e-18 1012.42
1550 1050 9.53913e-18 552.268
1550 1100 9.44861e-18 559.017
1550 1150 9.3044e-18 570.088
1550 1200 9.11645e-18 585.235
1550 1250 8.89808e-18 604.152
1550 1300 8.66333e-18 626.498
1550 1350 8.42256e-18 651.92
1550 1400 8.17916e-18 680.074
1550 1450 7.9302e-18 710.634
1550 1500 7.67212e-18 743.303
1550 200 6.27811e-18 970.824
1550 1550 7.41199e-18 777.817
1550 1600 7.16164e-18 813.941
1550 1650 6.92373e-18 851.469
1550 1700 6.69911e-18 890.225
1550 1750 6.48459e-18 930.054
1550 1800 6.27811e-18 970.824
1550 1850 6.08078e-18 1012.42
1550 1900 5.89527e-18 1054.75
1550 250 6.48459e-18 930.054
1550 300 6.69911e-18 890.225
1550 350 6.92373e-18 851.469
1550 400 7.16164e-18 813.941
1550 450 7.41199e-18 777.817
1550 500 7.67212e-18 743.303
1600 50 5.61685e-18 1123.61
1600 100 5.78237e-18 1081.67
1600 550 7.62002e-18 750
1600 600 7.84558e-18 721.11
1600 650 8.05958e-18 694.622
1600 700 8.25831e-18 670.82
1600 750 8.43986e-18 650
1600 800 8.60388e-18 632.456
1600 850 8.74442e-18 618.466
1600 900 8.85285e-18 608.276
1600 950 8.92132e-18 602.08
1600 1000 8.94473e-18 600
1600 150 5.95511e-18 1040.43
1600 1050 8.92132e-18 602.08
1600 1100 8.85285e-18 608.276
1600 1150 8.74442e-18 618.466
1600 1200 8.60388e-18 632.456
1600 1250 8.43986e-18 650
1600 1300 8.25831e-18 670.82
1600 1350 8.05958e-18 694.622
1600 1400 7.84558e-18 721.11
1600 1450 7.62002e-18 750
1600 1500 7.38987e-18 781.025
1600 200 6.13917e-18 1000
1600 1550 7.16164e-18 813.941
1600 1600 6.94199e-18 848.528
1600 1650 6.73145e-18 884.59
1600 1700 6.52704e-18 921.954
1600 1750 6.32975e-18 960.469
1600 1800 6.13917e-18 1000
1600 1850 5.95511e-18 1040.43
1600 1900 5.78237e-18 1081.67
1600 250 6.32975e-18 960.469
1600 300 6.52704e-18 921.954
1600 350 6.73145e-18 884.59
1600 400 6.94199e-18 848.528
1600 450 7.16164e-18 813.941
1600 500 7.38987e-18 781.025
1650 50 5.51417e-18 1151.09
1650 100 5.66716e-18 1110.18
1650 550 7.32183e-18 790.569
1650 600 7.51935e-18 763.217
1650 650 7.71165e-18 738.241
1650 700 7.8879e-18 715.891
1650 750 8.04454e-18 696.419
1650 800 8.17899e-18 680.074
1650 850 8.28932e-18 667.083
1650 900 8.37183e-18 657.647
1650 950 8.42306e-18 651.92
1650 1000 8.44044e-18 650
1650 150 5.82913e-18 1070.05
1650 1050 8.42306e-18 651.92
1650 1100 8.37183e-18 657.647
1650 1150 8.28932e-18 667.083
1650 1200 8.17899e-18 680.074
1650 1250 8.04454e-18 696.419
1650 1300 7.8879e-18 715.891
1650 1350 7.71165e-18 738.241
1650 1400 7.51935e-18 763.217
1650 1450 7.32183e-18 790.569
1650 1500 7.12176e-18 820.061
1650 200 5.99936e-18 1030.78
1650 1550 6.92373e-18 851.469
1650 1600 6.73145e-18 884.59
1650 1650 6.54287e-18 919.239
1650 1700 6.3561e-18 955.249
1650 1750 6.17451e-18 992.472
1650 1800 5.99936e-18 1030.78
1650 1850 5.82913e-18 1070.05
1650 1900 5.66716e-18 1110.18
1650 250 6.17451e-18 992.472
1650 300 6.3561e-18 955.249
1650 350 6.54287e-18 919.239
1650 400 6.73145e-18 884.59
1650 450 6.92373e-18 851.469
1650 500 7.12176e-18 820.061
1700 50 5.41016e-18 1180.04
1700 100 5.55146e-18 1140.18
1700 550 7.04399e-18 832.166
1700 600 7.21368e-18 806.226
1700 650 7.37732e-18 782.624
1700 700 7.53227e-18 761.577
1700 750 7.67191e-18 743.303
1700 800 7.79178e-18 728.011
1700 850 7.88787e-18 715.891
1700 900 7.95833e-18 707.107
1700 950 8.00133e-18 701.783
1700 1000 8.01578e-18 700
1700 150 5.70325e-18 1101.14
1700 1050 8.00133e-18 701.783
1700 1100 7.95833e-18 707.107
1700 1150 7.88787e-18 715.891
1700 1200 7.79178e-18 728.011
1700 1250 7.67191e-18 743.303
1700 1300 7.53227e-18 761.577
1700 1350 7.37732e-18 782.624
1700 1400 7.21368e-18 806.226
1700 1450 7.04399e-18 832.166
1700 1500 6.87186e-18 860.233
1700 200 5.85957e-18 1063.01
1700 1550 6.69911e-18 890.225
1700 1600 6.52704e-18 921.954
1700 1650 6.3561e-18 955.249
1700 1700 6.18661e-18 989.949
1700 1750 6.02037e-18 1025.91
1700 1800 5.85957e-18 1063.01
1700 1850 5.70325e-18 1101.14
1700 1900 5.55146e-18 1140.18
1700 250 6.02037e-18 1025.91
1700 300 6.18661e-18 989.949
1700 350 6.3561e-18 955.249
1700 400 6.52704e-18 921.954
1700 450 6.69911e-18 890.225
1700 500 6.87186e-18 860.233
1750 50 5.30436e-18 1210.37
1750 100 5.43441e-18 1171.54
1750 550 6.78819e-18 874.643
1750 600 6.93318e-18 850
1750 650 7.07241e-18 827.647
1750 700 7.20262e-18 807.775
1750 750 7.32177e-18 790.569
1750 800 7.42441e-18 776.209
1750 850 7.50812e-18 764.853
1750 900 7.56968e-18 756.637
1750 950 7.60747e-18 751.665
1750 1000 7.62022e-18 750
1750 150 5.57739e-18 1133.58
1750 1050 7.60747e-18 751.665
1750 1100 7.56968e-18 756.637
1750 1150 7.50812e-18 764.853
1750 1200 7.42441e-18 776.209
1750 1250 7.32177e-18 790.569
1750 1300 7.20262e-18 807.775
1750 1350 7.07241e-18 827.647
1750 1400 6.93318e-18 850
1750 1450 6.78819e-18 874.643
1750 1500 6.63788e-18 901.388
1750 200 5.72151e-18 1096.59
1750 1550 6.48459e-18 930.054
1750 1600 6.32975e-18 960.469
1750 1650 6.17451e-18 992.472
1750 1700 6.02037e-18 1025.91
1750 1750 5.8688e-18 1060.66
1750 1800 5.72151e-18 1096.59
1750 1850 5.57739e-18 1133.58
1750 1900 5.43441e-18 1171.54
1750 250 5.8688e-18 1060.66
1750 300 6.02037e-18 1025.91
1750 350 6.17451e-18 992.472
1750 400 6.32975e-18 960.469
1750 450 6.48459e-18 930.054
1750 500 6.63788e-18 901.388
1800 50 5.2013e-18 1241.97
1800 100 5.32122e-18 1204.16
1800 550 6.54946e-18 917.878
1800 600 6.67701e-18 894.427
1800 650 6.79621e-18 873.212
1800 700 6.90663e-18 854.4
1800 750 7.00539e-18 838.153
1800 800 7.09151e-18 824.621
1800 850 7.16109e-18 813.941
1800 900 7.21289e-18 806.226
1800 950 7.24472e-18 801.561
1800 1000 7.25538e-18 800
1800 150 5.45429e-18 1167.26
1800 1050 7.24472e-18 801.561
1800 1100 7.21289e-18 806.226
1800 1150 7.16109e-18 813.941
1800 1200 7.09151e-18 824.621
1800 1250 7.00539e-18 838.153
1800 1300 6.90663e-18 854.4
1800 1350 6.79621e-18 873.212
1800 1400 6.67701e-18 894.427
1800 1450 6.54946e-18 917.878
1800 1500 6.41591e-18 943.398
1800 200 5.58661e-18 1131.37
1800 1550 6.27811e-18 970.824
1800 1600 6.13917e-18 1000
1800 1650 5.99936e-18 1030.78
1800 1700 5.85957e-18 1063.01
1800 1750 5.72151e-18 1096.59
1800 1800 5.58661e-18 1131.37
1800 1850 5.45429e-18 1167.26
1800 1900 5.32122e-18 1204.16
1800 250 5.72151e-18 1096.59
1800 300 5.85957e-18 1063.01
1800 350 5.99936e-18 1030.78
1800 400 6.13917e-18 1000
1800 450 6.27811e-18 970.824
1800 500 6.41591e-18 943.398
1850 50 5.09202e-18 1274.75
1850 100 5.20485e-18 1237.94
1850 550 6.32296e-18 961.769
1850 600 6.43577e-18 939.415
1850 650 6.54138e-18 919.239
1850 700 6.63739e-18 901.388
1850 750 6.72313e-18 886.002
1850 800 6.79567e-18 873.212
1850 850 6.85482e-18 863.134
1850 900 6.89801e-18 855.862
1850 950 6.92439e-18 851.469
1850 1000 6.93339e-18 850
1850 150 5.33032e-18 1202.08
1850 1050 6.92439e-18 851.469
1850 1100 6.89801e-18 855.862
1850 1150 6.85482e-18 863.134
1850 1200 6.79567e-18 873.212
1850 1250 6.72313e-18 886.002
1850 1300 6.63739e-18 901.388
1850 1350 6.54138e-18 919.239
1850 1400 6.43577e-18 939.415
1850 1450 6.32296e-18 961.769
1850 1500 6.20391e-18 986.154
1850 200 5.45429e-18 1167.26
1850 1550 6.08078e-18 1012.42
1850 1600 5.95511e-18 1040.43
1850 1650 5.82913e-18 1070.05
1850 1700 5.70325e-18 1101.14
1850 1750 5.57739e-18 1133.58
1850 1800 5.45429e-18 1167.26
1850 1850 5.33032e-18 1202.08
1850 1900 5.20485e-18 1237.94
1850 250 5.57739e-18 1133.58
1850 300 5.70325e-18 1101.14
1850 350 5.82913e-18 1070.05
1850 400 5.95511e-18 1040.43
1850 450 6.08078e-18 1012.42
1850 500 6.20391e-18 986.154
1900 50 5.03112e-18 1308.63
1900 100 5.09201e-18 1272.79
1900 550 6.11118e-18 1006.23
1900 600 6.21164e-18 984.886
1900 650 6.30509e-18 965.66
1900 700 6.39031e-18 948.683
1900 750 6.46513e-18 934.077
1900 800 6.52904e-18 921.954
1900 850 6.57966e-18 912.414
1900 900 6.61672e-18 905.539
1900 950 6.63946e-18 901.388
1900 1000 6.64697e-18 900
1900 150 5.20485e-18 1237.94
1900 1050 6.63946e-18 901.388
1900 1100 6.61672e-18 905.539
1900 1150 6.57966e-18 912.414
1900 1200 6.52904e-18 921.954
1900 1250 6.46513e-18 934.077
1900 1300 6.39031e-18 948.683
1900 1350 6.30509e-18 965.66
1900 1400 6.21164e-18 984.886
1900 1450 6.11118e-18 1006.23
1900 1500 6.00531e-18 1029.56
1900 200 5.32122e-18 1204.16
1900 1550 5.89527e-18 1054.75
1900 1600 5.78237e-18 1081.67
1900 1650 5.66716e-18 1110.18
1900 1700 5.55146e-18 1140.18
1900 1750 5.43441e-18 1171.54
1900 1800 5.32122e-18 1204.16
1900 1850 5.20485e-18 1237.94
1900 1900 5.09201e-18 1272.79
1900 250 5.43441e-18 1171.54
1900 300 5.55146e-18 1140.18
1900 350 5.66716e-18 1110.18
1900 400 5.78237e-18 1081.67
1900 450 5.89527e-18 1054.75
1900 500 6.00531e-18 1029.56
200 50 5.2013e-18 1241.97
200 100 5.32122e-18 1204.16
200 550 6.54946e-18 917.878
200 600 6.67701e-18 894.427
200 650 6.79621e-18 873.212
200 700 6.90663e-18 854.4
200 750 7.00539e-18 838.153
200 800 7.09151e-18 824.621
200 850 7.16109e-18 813.941
200 900 7.21289e-18 806.226
200 950 7.24472e-18 801.561
200 1000 7.25538e-18 800
200 150 5.45429e-18 1167.26
200 1050 7.24472e-18 801.561
200 1100 7.21289e-18 806.226
200 1150 7.16109e-18 813.941
200 1200 7.09151e-18 824.621
200 1250 7.00539e-18 838.153
200 1300 6.90663e-18 854.4
200 1350 6.79621e-18 873.212
200 1400 6.67701e-18 894.427
200 1450 6.54946e-18 917.878
200 1500 6.41591e-18 943.398
200 200 5.58661e-18 1131.37
200 1550 6.27811e-18 970.824
200 1600 6.13917e-18 1000
200 1650 5.99936e-18 1030.78
200 1700 5.85957e-18 1063.01
200 1750 5.72151e-18 1096.59
200 1800 5.58661e-18 1131.37
200 1850 5.45429e-18 1167.26
200 1900 5.32122e-18 1204.16
200 250 5.72151e-18 1096.59
200 300 5.85957e-18 1063.01
200 350 5.99936e-18 1030.78
200 400 6.13917e-18 1000
200 450 6.27811e-18 970.824
200 500 6.41591e-18 943.398
250 50 5.30436e-18 1210.37
250 100 5.43441e-18 1171.54
250 550 6.78819e-18 874.643
250 600 6.93318e-18 850
250 650 7.07241e-18 827.647
250 700 7.20262e-18 807.775
250 750 7.32177e-18 790.569
250 800 7.42441e-18 776.209
250 850 7.50812e-18 764.853
250 900 7.56968e-18 756.637
250 950 7.60747e-18 751.665
250 1000 7.62022e-18 750
250 150 5.57739e-18 1133.58
250 1050 7.60747e-18 751.665
250 1100 7.56968e-18 756.637
250 1150 7.50812e-18 764.853
250 1200 7.42441e-18 776.209
250 1250 7.32177e-18 790.569
250 1300 7.20262e-18 807.775
250 1350 7.07241e-18 827.647
250 1400 6.93318e-18 850
250 1450 6.78819e-18 874.643
250 1500 6.63788e-18 901.388
250 200 5.72151e-18 1096.59
250 1550 6.48459e-18 930.054
250 1600 6.32975e-18 960.469
250 1650 6.17451e-18 992.472
250 1700 6.02037e-18 1025.91
250 1750 5.8688e-18 1060.66
250 1800 5.72151e-18 1096.59
250 1850 5.57739e-18 1133.58
250 1900 5.43441e-18 1171.54
250 250 5.8688e-18 1060.66
250 300 6.02037e-18 1025.91
250 350 6.17451e-18 992.472
250 400 6.32975e-18 960.469
250 450 6.48459e-18 930.054
250 500 6.63788e-18 901.388
300 50 5.41016e-18 1180.04
300 100 5.55146e-18 1140.18
300 550 7.04399e-18 832.166
300 600 7.21368e-18 806.226
300 650 7.37732e-18 782.624
300 700 7.53227e-18 761.577
300 750 7.67191e-18 743.303
300 800 7.79178e-18 728.011
300 850 7.88787e-18 715.891
300 900 7.95833e-18 707.107
300 950 8.00133e-18 701.783
300 1000 8.01578e-18 700
300 150 5.70325e-18 1101.14
300 1050 8.00133e-18 701.783
300 1100 7.95833e-18 707.107
300 1150 7.88787e-18 715.891
300 1200 7.79178e-18 728.011
300 1250 7.67191e-18 743.303
300 1300 7.53227e-18 761.577
300 1350 7.37732e-18 782.624
300 1400 7.21368e-18 806.226
300 1450 7.04399e-18 832.166
300 1500 6.87186e-18 860.233
300 200 5.85957e-18 1063.01
300 1550 6.69911e-18 890.225
300 1600 6.52704e-18 921.954
300 1650 6.3561e-18 955.249
300 1700 6.18661e-18 989.949
300 1750 6.02037e-18 1025.91
300 1800 5.85957e-18 1063.01
300 1850 5.70325e-18 1101.14
300 1900 5.55146e-18 1140.18
300 250 6.02037e-18 1025.91
300 300 6.18661e-18 989.949
300 350 6.3561e-18 955.249
300 400 6.52704e-18 921.954
300 450 6.69911e-18 890.225
300 500 6.87186e-18 860.233
350 50 5.51417e-18 1151.09
350 100 5.66716e-18 1110.18
350 550 7.32183e-18 790.569
350 600 7.51935e-18 763.217
350 650 7.71165e-18 738.241
350 700 7.8879e-18 715.891
350 750 8.04454e-18 696.419
350 800 8.17899e-18 680.074
350 850 8.28932e-18 667.083
350 900 8.37183e-18 657.647
350 950 8.42306e-18 651.92
350 1000 8.44044e-18 650
350 150 5.82913e-18 1070.05
350 1050 8.42306e-18 651.92
350 1100 8.37183e-18 657.647
350 1150 8.28932e-18 667.083
350 1200 8.17899e-18 680.074
350 1250 8.04454e-18 696.419
350 1300 7.8879e-18 715.891
350 1350 7.71165e-18 738.241
350 1400 7.51935e-18 763.217
350 1450 7.32183e-18 790.569
350 1500 7.12176e-18 820.061
350 200 5.99936e-18 1030.78
350 1550 6.92373e-18 851.469
350 1600 6.73145e-18 884.59
350 1650 6.54287e-18 919.239
350 1700 6.3561e-18 955.249
350 1750 6.17451e-18 992.472
350 1800 5.99936e-18 1030.78
350 1850 5.82913e-18 1070.05
350 1900 5.66716e-18 1110.18
350 250 6.17451e-18 992.472
350 300 6.3561e-18 955.249
350 350 6.54287e-18 919.239
350 400 6.73145e-18 884.59
350 450 6.92373e-18 851.469
350 500 7.12176e-18 820.061
400 50 5.61685e-18 1123.61
400 100 5.78237e-18 1081.67
400 550 7.62002e-18 750
400 600 7.84558e-18 721.11
400 650 8.05958e-18 694.622
400 700 8.25831e-18 670.82
400 750 8.43986e-18 650
400 800 8.60388e-18 632.456
400 850 8.74442e-18 618.466
400 900 8.85285e-18 608.276
400 950 8.92132e-18 602.08
400 1000 8.94473e-18 600
400 150 5.95511e-18 1040.43
400 1050 8.92132e-18 602.08
400 1100 8.85285e-18 608.276
400 1150 8.74442e-18 618.466
400 1200 8.60388e-18 632.456
400 1250 8.43986e-18 650
400 1300 8.25831e-18 670.82
400 1350 8.05958e-18 694.622
400 1400 7.84558e-18 721.11
400 1450 7.62002e-18 750
400 1500 7.38987e-18 781.025
400 200 6.13917e-18 1000
400 1550 7.16164e-18 813.941
400 1600 6.94199e-18 848.528
400 1650 6.73145e-18 884.59
400 1700 6.52704e-18 921.954
400 1750 6.32975e-18 960.469
400 1800 6.13917e-18 1000
400 1850 5.95511e-18 1040.43
400 1900 5.78237e-18 1081.67
400 250 6.32975e-18 960.469
400 300 6.52704e-18 921.954
400 350 6.73145e-18 884.59
400 400 6.94199e-18 848.528
400 450 7.16164e-18 813.941
400 500 7.38987e-18 781.025
450 50 5.71771e-18 1097.72
450 100 5.89527e-18 1054.75
450 550 7.9302e-18 710.634
450 600 8.17916e-18 680.074
450 650 8.42256e-18 651.92
450 700 8.66333e-18 626.498
450 750 8.89808e-18 604.152
450 800 9.11645e-18 585.235
450 850 9.3044e-18 570.088
450 900 9.44861e-18 559.017
450 950 9.53913e-18 552.268
450 1000 9.56997e-18 550
450 150 6.08078e-18 1012.42
450 1050 9.53913e-18 552.268
450 1100 9.44861e-18 559.017
450 1150 9.3044e-18 570.088
450 1200 9.11645e-18 585.235
450 1250 8.89808e-18 604.152
450 1300 8.66333e-18 626.498
450 1350 8.42256e-18 651.92
450 1400 8.17916e-18 680.074
450 1450 7.9302e-18 710.634
450 1500 7.67212e-18 743.303
450 200 6.27811e-18 970.824
450 1550 7.41199e-18 777.817
450 1600 7.16164e-18 813.941
450 1650 6.92373e-18 851.469
450 1700 6.69911e-18 890.225
450 1750 6.48459e-18 930.054
450 1800 6.27811e-18 970.824
450 1850 6.08078e-18 1012.42
450 1900 5.89527e-18 1054.75
450 250 6.48459e-18 930.054
450 300 6.69911e-18 890.225
450 350 6.92373e-18 851.469
450 400 7.16164e-18 813.941
450 450 7.41199e-18 777.817
450 500 7.67212e-18 743.303
500 50 5.81601e-18 1073.55
500 100 6.00531e-18 1029.56
500 550 8.24206e-18 672.681
500 600 8.52954e-18 640.312
500 650 8.83035e-18 610.328
500 700 9.14253e-18 583.095
500 750 9.44873e-18 559.017
500 800 9.7291e-18 538.516
500 850 9.96602e-18 522.015
500 900 1.01449e-17 509.902
500 950 1.02558e-17 502.494
500 1000 1.02932e-17 500
500 150 6.20391e-18 986.154
500 1050 1.02558e-17 502.494
500 1100 1.01449e-17 509.902
500 1150 9.96602e-18 522.015
500 1200 9.7291e-18 538.516
500 1250 9.44873e-18 559.017
500 1300 9.14253e-18 583.095
500 1350 8.83035e-18 610.328
500 1400 8.52954e-18 640.312
500 1450 8.24206e-18 672.681
500 1500 7.95741e-18 707.107
500 200 6.41591e-18 943.398
500 1550 7.67212e-18 743.303
500 1600 7.38987e-18 781.025
500 1650 7.12176e-18 820.061
500 1700 6.87186e-18 860.233
500 1750 6.63788e-18 901.388
500 1800 6.41591e-18 943.398
500 1850 6.20391e-18 986.154
500 1900 6.00531e-18 1029.56
500 250 6.63788e-18 901.388
500 300 6.87186e-18 860.233
500 350 7.12176e-18 820.061
500 400 7.38987e-18 781.025
500 450 7.67212e-18 743.303
500 500 7.95741e-18 707.107
