50 50 2.37887e-18 1343.5
50 100 2.49377e-18 1308.63
50 550 2.96952e-18 1051.19
50 600 3.01653e-18 1030.78
50 650 3.05966e-18 1012.42
50 700 3.09816e-18 996.243
50 750 3.13178e-18 982.344
50 800 3.15978e-18 970.824
50 850 3.18194e-18 961.769
50 900 3.19787e-18 955.249
50 950 3.20747e-18 951.315
50 1000 3.21069e-18 950
50 150 2.55212e-18 1274.75
50 1050 3.20747e-18 951.315
50 1100 3.19787e-18 955.249
50 1150 3.18194e-18 961.769
50 1200 3.15978e-18 970.824
50 1250 3.13178e-18 982.344
50 1300 3.09816e-18 996.243
50 1350 3.05966e-18 1012.42
50 1400 3.01653e-18 1030.78
50 1450 2.96952e-18 1051.19
50 1500 2.91961e-18 1073.55
50 200 2.60273e-18 1241.97
50 1550 2.86801e-18 1097.72
50 1600 2.81581e-18 1123.61
50 1650 2.76293e-18 1151.09
50 1700 2.71051e-18 1180.04
50 1750 2.6592e-18 1210.37
50 1800 2.60273e-18 1241.97
50 1850 2.55212e-18 1274.75
50 1900 2.49377e-18 1308.63
50 250 2.6592e-18 1210.37
50 300 2.71051e-18 1180.04
50 350 2.76293e-18 1151.09
50 400 2.81581e-18 1123.61
50 450 2.86801e-18 1097.72
50 500 2.91961e-18 1073.55
550 50 2.96952e-18 1051.19
550 100 3.07794e-18 1006.23
550 550 4.30791e-18 636.396
550 600 4.50096e-18 602.08
550 650 4.71559e-18 570.088
550 700 4.93446e-18 540.833
550 750 5.13199e-18 514.782
550 800 5.28857e-18 492.443
550 850 5.40031e-18 474.342
550 900 5.47444e-18 460.977
550 950 5.51785e-18 452.769
550 1000 5.53239e-18 450
550 150 3.18873e-18 961.769
550 1050 5.51785e-18 452.769
550 1100 5.47444e-18 460.977
550 1150 5.40031e-18 474.342
550 1200 5.28857e-18 492.443
550 1250 5.13199e-18 514.782
550 1300 4.93446e-18 540.833
550 1350 4.71559e-18 570.088
550 1400 4.50096e-18 602.08
550 1450 4.30791e-18 636.396
550 1500 4.13886e-18 672.681
550 200 3.29549e-18 917.878
550 1550 3.98435e-18 710.634
550 1600 3.83301e-18 750
550 1650 3.68164e-18 790.569
550 1700 3.53774e-18 832.166
550 1750 3.40911e-18 874.643
550 1800 3.29549e-18 917.878
550 1850 3.18873e-18 961.769
550 1900 3.07794e-18 1006.23
550 250 3.40911e-18 874.643
550 300 3.53774e-18 832.166
550 350 3.68164e-18 790.569
550 400 3.83301e-18 750
550 450 3.98435e-18 710.634
550 500 4.13886e-18 672.681
600 50 3.01653e-18 1030.78
600 100 3.12939e-18 984.886
600 550 4.50096e-18 602.08
600 600 4.74752e-18 565.685
600 650 5.00588e-18 531.507
600 700 5.23768e-18 500
600 750 5.41545e-18 471.699
600 800 5.54705e-18 447.214
600 850 5.65954e-18 427.2
600 900 5.76309e-18 412.311
600 950 5.84155e-18 403.113
600 1000 5.87122e-18 400
600 150 3.24237e-18 939.415
600 1050 5.84155e-18 403.113
600 1100 5.76309e-18 412.311
600 1150 5.65954e-18 427.2
600 1200 5.54705e-18 447.214
600 1250 5.41545e-18 471.699
600 1300 5.23768e-18 500
600 1350 5.00588e-18 531.507
600 1400 4.74752e-18 565.685
600 1450 4.50096e-18 602.08
600 1500 4.28821e-18 640.312
600 200 3.35603e-18 894.427
600 1550 4.10755e-18 680.074
600 1600 3.94331e-18 721.11
600 1650 3.78305e-18 763.217
600 1700 3.6257e-18 806.226
600 1750 3.48137e-18 850
600 1800 3.35603e-18 894.427
600 1850 3.24237e-18 939.415
600 1900 3.12939e-18 984.886
600 250 3.48137e-18 850
600 300 3.6257e-18 806.226
600 350 3.78305e-18 763.217
600 400 3.94331e-18 721.11
600 450 4.10755e-18 680.074
600 500 4.28821e-18 640.312
650 50 3.05966e-18 1012.42
650 100 3.17617e-18 965.66
650 550 4.71559e-18 570.088
650 600 5.00588e-18 531.507
650 650 5.27179e-18 494.975
650 700 5.47444e-18 460.977
650 750 5.6418e-18 430.116
650 800 5.84155e-18 403.113
650 850 6.09538e-18 380.789
650 900 6.3559e-18 364.005
650 950 6.54955e-18 353.553
650 1000 6.62062e-18 350
650 150 3.29123e-18 919.239
650 1050 6.54955e-18 353.553
650 1100 6.3559e-18 364.005
650 1150 6.09538e-18 380.789
650 1200 5.84155e-18 403.113
650 1250 5.6418e-18 430.116
650 1300 5.47444e-18 460.977
650 1350 5.27179e-18 494.975
650 1400 5.00588e-18 531.507
650 1450 4.71559e-18 570.088
650 1500 4.45115e-18 610.328
650 200 3.41409e-18 873.212
650 1550 4.23196e-18 651.92
650 1600 4.04762e-18 694.622
650 1650 3.87793e-18 738.241
650 1700 3.71027e-18 782.624
650 1750 3.55295e-18 827.647
650 1800 3.41409e-18 873.212
650 1850 3.29123e-18 919.239
650 1900 3.17617e-18 965.66
650 250 3.55295e-18 827.647
650 300 3.71027e-18 782.624
650 350 3.87793e-18 738.241
650 400 4.04762e-18 694.622
650 450 4.23196e-18 651.92
650 500 4.45115e-18 610.328
700 50 3.09816e-18 996.243
700 100 3.21771e-18 948.683
700 550 4.93446e-18 540.833
700 600 5.23768e-18 500
700 650 5.47444e-18 460.977
700 700 5.67811e-18 424.264
700 750 5.97263e-18 390.512
700 800 6.41721e-18 360.555
700 850 6.93667e-18 335.41
700 900 7.39224e-18 316.228
700 950 7.68149e-18 304.138
700 1000 7.77685e-18 300
700 150 3.33609e-18 901.388
700 1050 7.68149e-18 304.138
700 1100 7.39224e-18 316.228
700 1150 6.93667e-18 335.41
700 1200 6.41721e-18 360.555
700 1250 5.97263e-18 390.512
700 1300 5.67811e-18 424.264
700 1350 5.47444e-18 460.977
700 1400 5.23768e-18 500
700 1450 4.93446e-18 540.833
700 1500 4.62437e-18 583.095
700 200 3.46869e-18 854.4
700 1550 4.35992e-18 626.498
700 1600 4.14681e-18 670.82
700 1650 3.96382e-18 715.891
700 1700 3.78897e-18 761.577
700 1750 3.62062e-18 807.775
700 1800 3.46869e-18 854.4
700 1850 3.33609e-18 901.388
700 1900 3.21771e-18 948.683
700 250 3.62062e-18 807.775
700 300 3.78897e-18 761.577
700 350 3.96382e-18 715.891
700 400 4.14681e-18 670.82
700 450 4.35992e-18 626.498
700 500 4.62437e-18 583.095
750 50 3.13178e-18 982.344
750 100 3.25389e-18 934.077
750 550 5.13199e-18 514.782
750 600 5.41545e-18 471.699
750 650 5.6418e-18 430.116
750 700 5.97263e-18 390.512
750 750 6.54955e-18 353.553
750 800 7.29717e-18 320.156
750 850 7.96393e-18 291.548
750 900 8.34887e-18 269.258
750 950 8.47507e-18 254.951
750 1000 8.49466e-18 250
750 150 3.37644e-18 886.002
750 1050 8.47507e-18 254.951
750 1100 8.34887e-18 269.258
750 1150 7.96393e-18 291.548
750 1200 7.29717e-18 320.156
750 1250 6.54955e-18 353.553
750 1300 5.97263e-18 390.512
750 1350 5.6418e-18 430.116
750 1400 5.41545e-18 471.699
750 1450 5.13199e-18 514.782
750 1500 4.79661e-18 559.017
750 200 3.51844e-18 838.153
750 1550 4.48834e-18 604.152
750 1600 4.24104e-18 650
750 1650 4.04054e-18 696.419
750 1700 3.85846e-18 743.303
750 1750 3.68211e-18 790.569
750 1800 3.51844e-18 838.153
750 1850 3.37644e-18 886.002
750 1900 3.25389e-18 934.077
750 250 3.68211e-18 790.569
750 300 3.85846e-18 743.303
750 350 4.04054e-18 696.419
750 400 4.24104e-18 650
750 450 4.48834e-18 604.152
750 500 4.79661e-18 559.017
800 50 3.15978e-18 970.824
800 100 3.28427e-18 921.954
800 550 5.28857e-18 492.443
800 600 5.54705e-18 447.214
800 650 5.84155e-18 403.113
800 700 6.41721e-18 360.555
800 750 7.29717e-18 320.156
800 800 8.13758e-18 282.843
800 850 8.49466e-18 250
800 900 8.45323e-18 223.607
800 950 8.38165e-18 206.155
800 1000 8.36353e-18 200
800 150 3.41149e-18 873.212
800 1050 8.38165e-18 206.155
800 1100 8.45323e-18 223.607
800 1150 8.49466e-18 250
800 1200 8.13758e-18 282.843
800 1250 7.29717e-18 320.156
800 1300 6.41721e-18 360.555
800 1350 5.84155e-18 403.113
800 1400 5.54705e-18 447.214
800 1450 5.28857e-18 492.443
800 1500 4.95219e-18 538.516
800 200 3.56229e-18 824.621
800 1550 4.60999e-18 585.235
800 1600 4.32823e-18 632.456
800 1650 4.10745e-18 680.074
800 1700 3.91724e-18 728.011
800 1750 3.73461e-18 776.209
800 1800 3.56229e-18 824.621
800 1850 3.41149e-18 873.212
800 1900 3.28427e-18 921.954
800 250 3.73461e-18 776.209
800 300 3.91724e-18 728.011
800 350 4.10745e-18 680.074
800 400 4.32823e-18 632.456
800 450 4.60999e-18 585.235
800 500 4.95219e-18 538.516
850 50 3.18194e-18 961.769
850 100 3.30836e-18 912.414
850 550 5.40031e-18 474.342
850 600 5.65954e-18 427.2
850 650 6.09538e-18 380.789
850 700 6.93667e-18 335.41
850 750 7.96393e-18 291.548
850 800 8.49466e-18 250
850 850 8.40525e-18 212.132
850 900 8.39877e-18 180.278
850 950 8.75457e-18 158.114
850 1000 9.01036e-18 150
850 150 3.44055e-18 863.134
850 1050 8.75457e-18 158.114
850 1100 8.39877e-18 180.278
850 1150 8.40525e-18 212.132
850 1200 8.49466e-18 250
850 1250 7.96393e-18 291.548
850 1300 6.93667e-18 335.41
850 1350 6.09538e-18 380.789
850 1400 5.65954e-18 427.2
850 1450 5.40031e-18 474.342
850 1500 5.07804e-18 522.015
850 200 3.59822e-18 813.941
850 1550 4.71556e-18 570.088
850 1600 4.40413e-18 618.466
850 1650 4.16312e-18 667.083
850 1700 3.96418e-18 715.891
850 1750 3.77675e-18 764.853
850 1800 3.59822e-18 813.941
850 1850 3.44055e-18 863.134
850 1900 3.30836e-18 912.414
850 250 3.77675e-18 764.853
850 300 3.96418e-18 715.891
850 350 4.16312e-18 667.083
850 400 4.40413e-18 618.466
850 450 4.71556e-18 570.088
850 500 5.07804e-18 522.015
900 50 3.19787e-18 955.249
900 100 3.32608e-18 905.539
900 550 5.47444e-18 460.977
900 600 5.76309e-18 412.311
900 650 6.3559e-18 364.005
900 700 7.39224e-18 316.228
900 750 8.34887e-18 269.258
900 800 8.45323e-18 223.607
900 850 8.39877e-18 180.278
900 900 9.37264e-18 141.421
900 950 1.14919e-17 111.803
900 1000 1.27726e-17 100
900 150 3.46226e-18 855.862
900 1050 1.14919e-17 111.803
900 1100 9.37264e-18 141.421
900 1150 8.39877e-18 180.278
900 1200 8.45323e-18 223.607
900 1250 8.34887e-18 269.258
900 1300 7.39224e-18 316.228
900 1350 6.3559e-18 364.005
900 1400 5.76309e-18 412.311
900 1450 5.47444e-18 460.977
900 1500 5.16768e-18 509.902
900 200 3.62491e-18 806.226
900 1550 4.79659e-18 559.017
900 1600 4.46336e-18 608.276
900 1650 4.20541e-18 657.647
900 1700 3.99848e-18 707.107
900 1750 3.80752e-18 756.637
900 1800 3.62491e-18 806.226
900 1850 3.46226e-18 855.862
900 1900 3.32608e-18 905.539
900 250 3.80752e-18 756.637
900 300 3.99848e-18 707.107
900 350 4.20541e-18 657.647
900 400 4.46336e-18 608.276
900 450 4.79659e-18 559.017
900 500 5.16768e-18 509.902
950 50 3.20747e-18 951.315
950 100 3.33697e-18 901.388
950 550 5.51785e-18 452.769
950 600 5.84155e-18 403.113
950 650 6.54955e-18 353.553
950 700 7.68149e-18 304.138
950 750 8.47507e-18 254.951
950 800 8.38165e-18 206.155
950 850 8.75457e-18 158.114
950 900 1.14919e-17 111.803
950 950 1.77642e-17 70.7107
950 1000 2.55857e-17 50
950 150 3.4756e-18 851.469
950 1050 1.77642e-17 70.7107
950 1100 1.14919e-17 111.803
950 1150 8.75457e-18 158.114
950 1200 8.38165e-18 206.155
950 1250 8.47507e-18 254.951
950 1300 7.68149e-18 304.138
950 1350 6.54955e-18 353.553
950 1400 5.84155e-18 403.113
950 1450 5.51785e-18 452.769
950 1500 5.2204e-18 502.494
950 200 3.6414e-18 801.561
950 1550 4.84723e-18 552.268
950 1600 4.50107e-18 602.08
950 1650 4.23197e-18 651.92
950 1700 4.01947e-18 701.783
950 1750 3.82621e-18 751.665
950 1800 3.6414e-18 801.561
950 1850 3.4756e-18 851.469
950 1900 3.33697e-18 901.388
950 250 3.82621e-18 751.665
950 300 4.01947e-18 701.783
950 350 4.23197e-18 651.92
950 400 4.50107e-18 602.08
950 450 4.84723e-18 552.268
950 500 5.2204e-18 502.494
1000 50 3.21069e-18 950
1000 100 3.34064e-18 900
1000 550 5.53239e-18 450
1000 600 5.87122e-18 400
1000 650 6.62062e-18 350
1000 700 7.77685e-18 300
1000 750 8.49466e-18 250
1000 800 8.36353e-18 200
1000 850 9.01036e-18 150
1000 900 1.27726e-17 100
1000 950 2.55857e-17 50
1000 1000 9.99043e-20 0
1000 150 3.4801e-18 850
1000 1050 2.55857e-17 50
1000 1100 1.27726e-17 100
1000 1150 9.01036e-18 150
1000 1200 8.36353e-18 200
1000 1250 8.49466e-18 250
1000 1300 7.77685e-18 300
1000 1350 6.62062e-18 350
1000 1400 5.87122e-18 400
1000 1450 5.53239e-18 450
1000 1500 5.2377e-18 500
1000 200 3.64698e-18 800
1000 1550 4.8644e-18 550
1000 1600 4.51402e-18 600
1000 1650 4.24104e-18 650
1000 1700 4.02654e-18 700
1000 1750 3.83247e-18 750
1000 1800 3.64698e-18 800
1000 1850 3.4801e-18 850
1000 1900 3.34064e-18 900
1000 250 3.83247e-18 750
1000 300 4.02654e-18 700
1000 350 4.24104e-18 650
1000 400 4.51402e-18 600
1000 450 4.8644e-18 550
1000 500 5.2377e-18 500
100 50 2.49377e-18 1308.63
100 100 2.5724e-18 1272.79
100 550 3.07794e-18 1006.23
100 600 3.12939e-18 984.886
100 650 3.17617e-18 965.66
100 700 3.21771e-18 948.683
100 750 3.25389e-18 934.077
100 800 3.28427e-18 921.954
100 850 3.30836e-18 912.414
100 900 3.32608e-18 905.539
100 950 3.33697e-18 901.388
100 1000 3.34064e-18 900
100 150 2.62266e-18 1237.94
100 1050 3.33697e-18 901.388
100 1100 3.32608e-18 905.539
100 1150 3.30836e-18 912.414
100 1200 3.28427e-18 921.954
100 1250 3.25389e-18 934.077
100 1300 3.21771e-18 948.683
100 1350 3.17617e-18 965.66
100 1400 3.12939e-18 984.886
100 1450 3.07794e-18 1006.23
100 1500 3.02276e-18 1029.56
100 200 2.67438e-18 1204.16
100 1550 2.96498e-18 1054.75
100 1600 2.90514e-18 1081.67
100 1650 2.84576e-18 1110.18
100 1700 2.78736e-18 1140.18
100 1750 2.73124e-18 1171.54
100 1800 2.67438e-18 1204.16
100 1850 2.62266e-18 1237.94
100 1900 2.5724e-18 1272.79
100 250 2.73124e-18 1171.54
100 300 2.78736e-18 1140.18
100 350 2.84576e-18 1110.18
100 400 2.90514e-18 1081.67
100 450 2.96498e-18 1054.75
100 500 3.02276e-18 1029.56
1050 50 3.20747e-18 951.315
1050 100 3.33697e-18 901.388
1050 550 5.51785e-18 452.769
1050 600 5.84155e-18 403.113
1050 650 6.54955e-18 353.553
1050 700 7.68149e-18 304.138
1050 750 8.47507e-18 254.951
1050 800 8.38165e-18 206.155
1050 850 8.75457e-18 158.114
1050 900 1.14919e-17 111.803
1050 950 1.77642e-17 70.7107
1050 1000 2.55857e-17 50
1050 150 3.4756e-18 851.469
1050 1050 1.77642e-17 70.7107
1050 1100 1.14919e-17 111.803
1050 1150 8.75457e-18 158.114
1050 1200 8.38165e-18 206.155
1050 1250 8.47507e-18 254.951
1050 1300 7.68149e-18 304.138
1050 1350 6.54955e-18 353.553
1050 1400 5.84155e-18 403.113
1050 1450 5.51785e-18 452.769
1050 1500 5.2204e-18 502.494
1050 200 3.6414e-18 801.561
1050 1550 4.84723e-18 552.268
1050 1600 4.50107e-18 602.08
1050 1650 4.23197e-18 651.92
1050 1700 4.01947e-18 701.783
1050 1750 3.82621e-18 751.665
1050 1800 3.6414e-18 801.561
1050 1850 3.4756e-18 851.469
1050 1900 3.33697e-18 901.388
1050 250 3.82621e-18 751.665
1050 300 4.01947e-18 701.783
1050 350 4.23197e-18 651.92
1050 400 4.50107e-18 602.08
1050 450 4.84723e-18 552.268
1050 500 5.2204e-18 502.494
1100 50 3.19787e-18 955.249
1100 100 3.32608e-18 905.539
1100 550 5.47444e-18 460.977
1100 600 5.76309e-18 412.311
1100 650 6.3559e-18 364.005
1100 700 7.39224e-18 316.228
1100 750 8.34887e-18 269.258
1100 800 8.45323e-18 223.607
1100 850 8.39877e-18 180.278
1100 900 9.37264e-18 141.421
1100 950 1.14919e-17 111.803
1100 1000 1.27726e-17 100
1100 150 3.46226e-18 855.862
1100 1050 1.14919e-17 111.803
1100 1100 9.37264e-18 141.421
1100 1150 8.39877e-18 180.278
1100 1200 8.45323e-18 223.607
1100 1250 8.34887e-18 269.258
1100 1300 7.39224e-18 316.228
1100 1350 6.3559e-18 364.005
1100 1400 5.76309e-18 412.311
1100 1450 5.47444e-18 460.977
1100 1500 5.16768e-18 509.902
1100 200 3.62491e-18 806.226
1100 1550 4.79659e-18 559.017
1100 1600 4.46336e-18 608.276
1100 1650 4.20541e-18 657.647
1100 1700 3.99848e-18 707.107
1100 1750 3.80752e-18 756.637
1100 1800 3.62491e-18 806.226
1100 1850 3.46226e-18 855.862
1100 1900 3.32608e-18 905.539
1100 250 3.80752e-18 756.637
1100 300 3.99848e-18 707.107
1100 350 4.20541e-18 657.647
1100 400 4.46336e-18 608.276
1100 450 4.79659e-18 559.017
1100 500 5.16768e-18 509.902
1150 50 3.18194e-18 961.769
1150 100 3.30836e-18 912.414
1150 550 5.40031e-18 474.342
1150 600 5.65954e-18 427.2
1150 650 6.09538e-18 380.789
1150 700 6.93667e-18 335.41
1150 750 7.96393e-18 291.548
1150 800 8.49466e-18 250
1150 850 8.40525e-18 212.132
1150 900 8.39877e-18 180.278
1150 950 8.75457e-18 158.114
1150 1000 9.01036e-18 150
1150 150 3.44055e-18 863.134
1150 1050 8.75457e-18 158.114
1150 1100 8.39877e-18 180.278
1150 1150 8.40525e-18 212.132
1150 1200 8.49466e-18 250
1150 1250 7.96393e-18 291.548
1150 1300 6.93667e-18 335.41
1150 1350 6.09538e-18 380.789
1150 1400 5.65954e-18 427.2
1150 1450 5.40031e-18 474.342
1150 1500 5.07804e-18 522.015
1150 200 3.59822e-18 813.941
1150 1550 4.71556e-18 570.088
1150 1600 4.40413e-18 618.466
1150 1650 4.16312e-18 667.083
1150 1700 3.96418e-18 715.891
1150 1750 3.77675e-18 764.853
1150 1800 3.59822e-18 813.941
1150 1850 3.44055e-18 863.134
1150 1900 3.30836e-18 912.414
1150 250 3.77675e-18 764.853
1150 300 3.96418e-18 715.891
1150 350 4.16312e-18 667.083
1150 400 4.40413e-18 618.466
1150 450 4.71556e-18 570.088
1150 500 5.07804e-18 522.015
1200 50 3.15978e-18 970.824
1200 100 3.28427e-18 921.954
1200 550 5.28857e-18 492.443
1200 600 5.54705e-18 447.214
1200 650 5.84155e-18 403.113
1200 700 6.41721e-18 360.555
1200 750 7.29717e-18 320.156
1200 800 8.13758e-18 282.843
1200 850 8.49466e-18 250
1200 900 8.45323e-18 223.607
1200 950 8.38165e-18 206.155
1200 1000 8.36353e-18 200
1200 150 3.41149e-18 873.212
1200 1050 8.38165e-18 206.155
1200 1100 8.45323e-18 223.607
1200 1150 8.49466e-18 250
1200 1200 8.13758e-18 282.843
1200 1250 7.29717e-18 320.156
1200 1300 6.41721e-18 360.555
1200 1350 5.84155e-18 403.113
1200 1400 5.54705e-18 447.214
1200 1450 5.28857e-18 492.443
1200 1500 4.95219e-18 538.516
1200 200 3.56229e-18 824.621
1200 1550 4.60999e-18 585.235
1200 1600 4.32823e-18 632.456
1200 1650 4.10745e-18 680.074
1200 1700 3.91724e-18 728.011
1200 1750 3.73461e-18 776.209
1200 1800 3.56229e-18 824.621
1200 1850 3.41149e-18 873.212
1200 1900 3.28427e-18 921.954
1200 250 3.73461e-18 776.209
1200 300 3.91724e-18 728.011
1200 350 4.10745e-18 680.074
1200 400 4.32823e-18 632.456
1200 450 4.60999e-18 585.235
1200 500 4.95219e-18 538.516
1250 50 3.13178e-18 982.344
1250 100 3.25389e-18 934.077
1250 550 5.13199e-18 514.782
1250 600 5.41545e-18 471.699
1250 650 5.6418e-18 430.116
1250 700 5.97263e-18 390.512
1250 750 6.54955e-18 353.553
1250 800 7.29717e-18 320.156
1250 850 7.96393e-18 291.548
1250 900 8.34887e-18 269.258
1250 950 8.47507e-18 254.951
1250 1000 8.49466e-18 250
1250 150 3.37644e-18 886.002
1250 1050 8.47507e-18 254.951
1250 1100 8.34887e-18 269.258
1250 1150 7.96393e-18 291.548
1250 1200 7.29717e-18 320.156
1250 1250 6.54955e-18 353.553
1250 1300 5.97263e-18 390.512
1250 1350 5.6418e-18 430.116
1250 1400 5.41545e-18 471.699
1250 1450 5.13199e-18 514.782
1250 1500 4.79661e-18 559.017
1250 200 3.51844e-18 838.153
1250 1550 4.48834e-18 604.152
1250 1600 4.24104e-18 650
1250 1650 4.04054e-18 696.419
1250 1700 3.85846e-18 743.303
1250 1750 3.68211e-18 790.569
1250 1800 3.51844e-18 838.153
1250 1850 3.37644e-18 886.002
1250 1900 3.25389e-18 934.077
1250 250 3.68211e-18 790.569
1250 300 3.85846e-18 743.303
1250 350 4.04054e-18 696.419
1250 400 4.24104e-18 650
1250 450 4.48834e-18 604.152
1250 500 4.79661e-18 559.017
1300 50 3.09816e-18 996.243
1300 100 3.21771e-18 948.683
1300 550 4.93446e-18 540.833
1300 600 5.23768e-18 500
1300 650 5.47444e-18 460.977
1300 700 5.67811e-18 424.264
1300 750 5.97263e-18 390.512
1300 800 6.41721e-18 360.555
1300 850 6.93667e-18 335.41
1300 900 7.39224e-18 316.228
1300 950 7.68149e-18 304.138
1300 1000 7.77685e-18 300
1300 150 3.33609e-18 901.388
1300 1050 7.68149e-18 304.138
1300 1100 7.39224e-18 316.228
1300 1150 6.93667e-18 335.41
1300 1200 6.41721e-18 360.555
1300 1250 5.97263e-18 390.512
1300 1300 5.67811e-18 424.264
1300 1350 5.47444e-18 460.977
1300 1400 5.23768e-18 500
1300 1450 4.93446e-18 540.833
1300 1500 4.62437e-18 583.095
1300 200 3.46869e-18 854.4
1300 1550 4.35992e-18 626.498
1300 1600 4.14681e-18 670.82
1300 1650 3.96382e-18 715.891
1300 1700 3.78897e-18 761.577
1300 1750 3.62062e-18 807.775
1300 1800 3.46869e-18 854.4
1300 1850 3.33609e-18 901.388
1300 1900 3.21771e-18 948.683
1300 250 3.62062e-18 807.775
1300 300 3.78897e-18 761.577
1300 350 3.96382e-18 715.891
1300 400 4.14681e-18 670.82
1300 450 4.35992e-18 626.498
1300 500 4.62437e-18 583.095
1350 50 3.05966e-18 1012.42
1350 100 3.17617e-18 965.66
1350 550 4.71559e-18 570.088
1350 600 5.00588e-18 531.507
1350 650 5.27179e-18 494.975
1350 700 5.47444e-18 460.977
1350 750 5.6418e-18 430.116
1350 800 5.84155e-18 403.113
1350 850 6.09538e-18 380.789
1350 900 6.3559e-18 364.005
1350 950 6.54955e-18 353.553
1350 1000 6.62062e-18 350
1350 150 3.29123e-18 919.239
1350 1050 6.54955e-18 353.553
1350 1100 6.3559e-18 364.005
1350 1150 6.09538e-18 380.789
1350 1200 5.84155e-18 403.113
1350 1250 5.6418e-18 430.116
1350 1300 5.47444e-18 460.977
1350 1350 5.27179e-18 494.975
1350 1400 5.00588e-18 531.507
1350 1450 4.71559e-18 570.088
1350 1500 4.45115e-18 610.328
1350 200 3.41409e-18 873.212
1350 1550 4.23196e-18 651.92
1350 1600 4.04762e-18 694.622
1350 1650 3.87793e-18 738.241
1350 1700 3.71027e-18 782.624
1350 1750 3.55295e-18 827.647
1350 1800 3.41409e-18 873.212
1350 1850 3.29123e-18 919.239
1350 1900 3.17617e-18 965.66
1350 250 3.55295e-18 827.647
1350 300 3.71027e-18 782.624
1350 350 3.87793e-18 738.241
1350 400 4.04762e-18 694.622
1350 450 4.23196e-18 651.92
1350 500 4.45115e-18 610.328
1400 50 3.01653e-18 1030.78
1400 100 3.12939e-18 984.886
1400 550 4.50096e-18 602.08
1400 600 4.74752e-18 565.685
1400 650 5.00588e-18 531.507
1400 700 5.23768e-18 500
1400 750 5.41545e-18 471.699
1400 800 5.54705e-18 447.214
1400 850 5.65954e-18 427.2
1400 900 5.76309e-18 412.311
1400 950 5.84155e-18 403.113
1400 1000 5.87122e-18 400
1400 150 3.24237e-18 939.415
1400 1050 5.84155e-18 403.113
1400 1100 5.76309e-18 412.311
1400 1150 5.65954e-18 427.2
1400 1200 5.54705e-18 447.214
1400 1250 5.41545e-18 471.699
1400 1300 5.23768e-18 500
1400 1350 5.00588e-18 531.507
1400 1400 4.74752e-18 565.685
1400 1450 4.50096e-18 602.08
1400 1500 4.28821e-18 640.312
1400 200 3.35603e-18 894.427
1400 1550 4.10755e-18 680.074
1400 1600 3.94331e-18 721.11
1400 1650 3.78305e-18 763.217
1400 1700 3.6257e-18 806.226
1400 1750 3.48137e-18 850
1400 1800 3.35603e-18 894.427
1400 1850 3.24237e-18 939.415
1400 1900 3.12939e-18 984.886
1400 250 3.48137e-18 850
1400 300 3.6257e-18 806.226
1400 350 3.78305e-18 763.217
1400 400 3.94331e-18 721.11
1400 450 4.10755e-18 680.074
1400 500 4.28821e-18 640.312
1450 50 2.96952e-18 1051.19
1450 100 3.07794e-18 1006.23
1450 550 4.30791e-18 636.396
1450 600 4.50096e-18 602.08
1450 650 4.71559e-18 570.088
1450 700 4.93446e-18 540.833
1450 750 5.13199e-18 514.782
1450 800 5.28857e-18 492.443
1450 850 5.40031e-18 474.342
1450 900 5.47444e-18 460.977
1450 950 5.51785e-18 452.769
1450 1000 5.53239e-18 450
1450 150 3.18873e-18 961.769
1450 1050 5.51785e-18 452.769
1450 1100 5.47444e-18 460.977
1450 1150 5.40031e-18 474.342
1450 1200 5.28857e-18 492.443
1450 1250 5.13199e-18 514.782
1450 1300 4.93446e-18 540.833
1450 1350 4.71559e-18 570.088
1450 1400 4.50096e-18 602.08
1450 1450 4.30791e-18 636.396
1450 1500 4.13886e-18 672.681
1450 200 3.29549e-18 917.878
1450 1550 3.98435e-18 710.634
1450 1600 3.83301e-18 750
1450 1650 3.68164e-18 790.569
1450 1700 3.53774e-18 832.166
1450 1750 3.40911e-18 874.643
1450 1800 3.29549e-18 917.878
1450 1850 3.18873e-18 961.769
1450 1900 3.07794e-18 1006.23
1450 250 3.40911e-18 874.643
1450 300 3.53774e-18 832.166
1450 350 3.68164e-18 790.569
1450 400 3.83301e-18 750
1450 450 3.98435e-18 710.634
1450 500 4.13886e-18 672.681
1500 50 2.91961e-18 1073.55
1500 100 3.02276e-18 1029.56
1500 550 4.13886e-18 672.681
1500 600 4.28821e-18 640.312
1500 650 4.45115e-18 610.328
1500 700 4.62437e-18 583.095
1500 750 4.79661e-18 559.017
1500 800 4.95219e-18 538.516
1500 850 5.07804e-18 522.015
1500 900 5.16768e-18 509.902
1500 950 5.2204e-18 502.494
1500 1000 5.2377e-18 500
1500 150 3.13016e-18 986.154
1500 1050 5.2204e-18 502.494
1500 1100 5.16768e-18 509.902
1500 1150 5.07804e-18 522.015
1500 1200 4.95219e-18 538.516
1500 1250 4.79661e-18 559.017
1500 1300 4.62437e-18 583.095
1500 1350 4.45115e-18 610.328
1500 1400 4.28821e-18 640.312
1500 1450 4.13886e-18 672.681
1500 1500 3.99819e-18 707.107
1500 200 3.23187e-18 943.398
1500 1550 3.85833e-18 743.303
1500 1600 3.71682e-18 781.025
1500 1650 3.57746e-18 820.061
1500 1700 3.45097e-18 860.233
1500 1750 3.33728e-18 901.388
1500 1800 3.23187e-18 943.398
1500 1850 3.13016e-18 986.154
1500 1900 3.02276e-18 1029.56
1500 250 3.33728e-18 901.388
1500 300 3.45097e-18 860.233
1500 350 3.57746e-18 820.061
1500 400 3.71682e-18 781.025
1500 450 3.85833e-18 743.303
1500 500 3.99819e-18 707.107
150 50 2.55212e-18 1274.75
150 100 2.62266e-18 1237.94
150 550 3.18873e-18 961.769
150 600 3.24237e-18 939.415
150 650 3.29123e-18 919.239
150 700 3.33609e-18 901.388
150 750 3.37644e-18 886.002
150 800 3.41149e-18 873.212
150 850 3.44055e-18 863.134
150 900 3.46226e-18 855.862
150 950 3.4756e-18 851.469
150 1000 3.4801e-18 850
150 150 2.68199e-18 1202.08
150 1050 3.4756e-18 851.469
150 1100 3.46226e-18 855.862
150 1150 3.44055e-18 863.134
150 1200 3.41149e-18 873.212
150 1250 3.37644e-18 886.002
150 1300 3.33609e-18 901.388
150 1350 3.29123e-18 919.239
150 1400 3.24237e-18 939.415
150 1450 3.18873e-18 961.769
150 1500 3.13016e-18 986.154
150 200 2.74099e-18 1167.26
150 1550 3.06784e-18 1012.42
150 1600 3.00214e-18 1040.43
150 1650 2.93557e-18 1070.05
150 1700 2.86902e-18 1101.14
150 1750 2.80463e-18 1133.58
150 1800 2.74099e-18 1167.26
150 1850 2.68199e-18 1202.08
150 1900 2.62266e-18 1237.94
150 250 2.80463e-18 1133.58
150 300 2.86902e-18 1101.14
150 350 2.93557e-18 1070.05
150 400 3.00214e-18 1040.43
150 450 3.06784e-18 1012.42
150 500 3.13016e-18 986.154
1550 50 2.86801e-18 1097.72
1550 100 2.96498e-18 1054.75
1550 550 3.98435e-18 710.634
1550 600 4.10755e-18 680.074
1550 650 4.23196e-18 651.92
1550 700 4.35992e-18 626.498
1550 750 4.48834e-18 604.152
1550 800 4.60999e-18 585.235
1550 850 4.71556e-18 570.088
1550 900 4.79659e-18 559.017
1550 950 4.84723e-18 552.268
1550 1000 4.8644e-18 550
1550 150 3.06784e-18 1012.42
1550 1050 4.84723e-18 552.268
1550 1100 4.79659e-18 559.017
1550 1150 4.71556e-18 570.088
1550 1200 4.60999e-18 585.235
1550 1250 4.48834e-18 604.152
1550 1300 4.35992e-18 626.498
1550 1350 4.23196e-18 651.92
1550 1400 4.10755e-18 680.074
1550 1450 3.98435e-18 710.634
1550 1500 3.85833e-18 743.303
1550 200 3.16495e-18 970.824
1550 1550 3.72783e-18 777.817
1550 1600 3.59925e-18 813.941
1550 1650 3.47724e-18 851.469
1550 1700 3.36632e-18 890.225
1550 1750 3.26463e-18 930.054
1550 1800 3.16495e-18 970.824
1550 1850 3.06784e-18 1012.42
1550 1900 2.96498e-18 1054.75
1550 250 3.26463e-18 930.054
1550 300 3.36632e-18 890.225
1550 350 3.47724e-18 851.469
1550 400 3.59925e-18 813.941
1550 450 3.72783e-18 777.817
1550 500 3.85833e-18 743.303
1600 50 2.81581e-18 1123.61
1600 100 2.90514e-18 1081.67
1600 550 3.83301e-18 750
1600 600 3.94331e-18 721.11
1600 650 4.04762e-18 694.622
1600 700 4.14681e-18 670.82
1600 750 4.24104e-18 650
1600 800 4.32823e-18 632.456
1600 850 4.40413e-18 618.466
1600 900 4.46336e-18 608.276
1600 950 4.50107e-18 602.08
1600 1000 4.51402e-18 600
1600 150 3.00214e-18 1040.43
1600 1050 4.50107e-18 602.08
1600 1100 4.46336e-18 608.276
1600 1150 4.40413e-18 618.466
1600 1200 4.32823e-18 632.456
1600 1250 4.24104e-18 650
1600 1300 4.14681e-18 670.82
1600 1350 4.04762e-18 694.622
1600 1400 3.94331e-18 721.11
1600 1450 3.83301e-18 750
1600 1500 3.71682e-18 781.025
1600 200 3.09502e-18 1000
1600 1550 3.59925e-18 813.941
1600 1600 3.48544e-18 848.528
1600 1650 3.38182e-18 884.59
1600 1700 3.28484e-18 921.954
1600 1750 3.19074e-18 960.469
1600 1800 3.09502e-18 1000
1600 1850 3.00214e-18 1040.43
1600 1900 2.90514e-18 1081.67
1600 250 3.19074e-18 960.469
1600 300 3.28484e-18 921.954
1600 350 3.38182e-18 884.59
1600 400 3.48544e-18 848.528
1600 450 3.59925e-18 813.941
1600 500 3.71682e-18 781.025
1650 50 2.76293e-18 1151.09
1650 100 2.84576e-18 1110.18
1650 550 3.68164e-18 790.569
1650 600 3.78305e-18 763.217
1650 650 3.87793e-18 738.241
1650 700 3.96382e-18 715.891
1650 750 4.04054e-18 696.419
1650 800 4.10745e-18 680.074
1650 850 4.16312e-18 667.083
1650 900 4.20541e-18 657.647
1650 950 4.23197e-18 651.92
1650 1000 4.24104e-18 650
1650 150 2.93557e-18 1070.05
1650 1050 4.23197e-18 651.92
1650 1100 4.20541e-18 657.647
1650 1150 4.16312e-18 667.083
1650 1200 4.10745e-18 680.074
1650 1250 4.04054e-18 696.419
1650 1300 3.96382e-18 715.891
1650 1350 3.87793e-18 738.241
1650 1400 3.78305e-18 763.217
1650 1450 3.68164e-18 790.569
1650 1500 3.57746e-18 820.061
1650 200 3.02278e-18 1030.78
1650 1550 3.47724e-18 851.469
1650 1600 3.38182e-18 884.59
1650 1650 3.29212e-18 919.239
1650 1700 3.2034e-18 955.249
1650 1750 3.1132e-18 992.472
1650 1800 3.02278e-18 1030.78
1650 1850 2.93557e-18 1070.05
1650 1900 2.84576e-18 1110.18
1650 250 3.1132e-18 992.472
1650 300 3.2034e-18 955.249
1650 350 3.29212e-18 919.239
1650 400 3.38182e-18 884.59
1650 450 3.47724e-18 851.469
1650 500 3.57746e-18 820.061
1700 50 2.71051e-18 1180.04
1700 100 2.78736e-18 1140.18
1700 550 3.53774e-18 832.166
1700 600 3.6257e-18 806.226
1700 650 3.71027e-18 782.624
1700 700 3.78897e-18 761.577
1700 750 3.85846e-18 743.303
1700 800 3.91724e-18 728.011
1700 850 3.96418e-18 715.891
1700 900 3.99848e-18 707.107
1700 950 4.01947e-18 701.783
1700 1000 4.02654e-18 700
1700 150 2.86902e-18 1101.14
1700 1050 4.01947e-18 701.783
1700 1100 3.99848e-18 707.107
1700 1150 3.96418e-18 715.891
1700 1200 3.91724e-18 728.011
1700 1250 3.85846e-18 743.303
1700 1300 3.78897e-18 761.577
1700 1350 3.71027e-18 782.624
1700 1400 3.6257e-18 806.226
1700 1450 3.53774e-18 832.166
1700 1500 3.45097e-18 860.233
1700 200 2.94856e-18 1063.01
1700 1550 3.36632e-18 890.225
1700 1600 3.28484e-18 921.954
1700 1650 3.2034e-18 955.249
1700 1700 3.11993e-18 989.949
1700 1750 3.03431e-18 1025.91
1700 1800 2.94856e-18 1063.01
1700 1850 2.86902e-18 1101.14
1700 1900 2.78736e-18 1140.18
1700 250 3.03431e-18 1025.91
1700 300 3.11993e-18 989.949
1700 350 3.2034e-18 955.249
1700 400 3.28484e-18 921.954
1700 450 3.36632e-18 890.225
1700 500 3.45097e-18 860.233
1750 50 2.6592e-18 1210.37
1750 100 2.73124e-18 1171.54
1750 550 3.40911e-18 874.643
1750 600 3.48137e-18 850
1750 650 3.55295e-18 827.647
1750 700 3.62062e-18 807.775
1750 750 3.68211e-18 790.569
1750 800 3.73461e-18 776.209
1750 850 3.77675e-18 764.853
1750 900 3.80752e-18 756.637
1750 950 3.82621e-18 751.665
1750 1000 3.83247e-18 750
1750 150 2.80463e-18 1133.58
1750 1050 3.82621e-18 751.665
1750 1100 3.80752e-18 756.637
1750 1150 3.77675e-18 764.853
1750 1200 3.73461e-18 776.209
1750 1250 3.68211e-18 790.569
1750 1300 3.62062e-18 807.775
1750 1350 3.55295e-18 827.647
1750 1400 3.48137e-18 850
1750 1450 3.40911e-18 874.643
1750 1500 3.33728e-18 901.388
1750 200 2.87603e-18 1096.59
1750 1550 3.26463e-18 930.054
1750 1600 3.19074e-18 960.469
1750 1650 3.1132e-18 992.472
1750 1700 3.03431e-18 1025.91
1750 1750 2.95466e-18 1060.66
1750 1800 2.87603e-18 1096.59
1750 1850 2.80463e-18 1133.58
1750 1900 2.73124e-18 1171.54
1750 250 2.95466e-18 1060.66
1750 300 3.03431e-18 1025.91
1750 350 3.1132e-18 992.472
1750 400 3.19074e-18 960.469
1750 450 3.26463e-18 930.054
1750 500 3.33728e-18 901.388
1800 50 2.60273e-18 1241.97
1800 100 2.67438e-18 1204.16
1800 550 3.29549e-18 917.878
1800 600 3.35603e-18 894.427
1800 650 3.41409e-18 873.212
1800 700 3.46869e-18 854.4
1800 750 3.51844e-18 838.153
1800 800 3.56229e-18 824.621
1800 850 3.59822e-18 813.941
1800 900 3.62491e-18 806.226
1800 950 3.6414e-18 801.561
1800 1000 3.64698e-18 800
1800 150 2.74099e-18 1167.26
1800 1050 3.6414e-18 801.561
1800 1100 3.62491e-18 806.226
1800 1150 3.59822e-18 813.941
1800 1200 3.56229e-18 824.621
1800 1250 3.51844e-18 838.153
1800 1300 3.46869e-18 854.4
1800 1350 3.41409e-18 873.212
1800 1400 3.35603e-18 894.427
1800 1450 3.29549e-18 917.878
1800 1500 3.23187e-18 943.398
1800 200 2.80538e-18 1131.37
1800 1550 3.16495e-18 970.824
1800 1600 3.09502e-18 1000
1800 1650 3.02278e-18 1030.78
1800 1700 2.94856e-18 1063.01
1800 1750 2.87603e-18 1096.59
1800 1800 2.80538e-18 1131.37
1800 1850 2.74099e-18 1167.26
1800 1900 2.67438e-18 1204.16
1800 250 2.87603e-18 1096.59
1800 300 2.94856e-18 1063.01
1800 350 3.02278e-18 1030.78
1800 400 3.09502e-18 1000
1800 450 3.16495e-18 970.824
1800 500 3.23187e-18 943.398
1850 50 2.55212e-18 1274.75
1850 100 2.62266e-18 1237.94
1850 550 3.18873e-18 961.769
1850 600 3.24237e-18 939.415
1850 650 3.29123e-18 919.239
1850 700 3.33609e-18 901.388
1850 750 3.37644e-18 886.002
1850 800 3.41149e-18 873.212
1850 850 3.44055e-18 863.134
1850 900 3.46226e-18 855.862
1850 950 3.4756e-18 851.469
1850 1000 3.4801e-18 850
1850 150 2.68199e-18 1202.08
1850 1050 3.4756e-18 851.469
1850 1100 3.46226e-18 855.862
1850 1150 3.44055e-18 863.134
1850 1200 3.41149e-18 873.212
1850 1250 3.37644e-18 886.002
1850 1300 3.33609e-18 901.388
1850 1350 3.29123e-18 919.239
1850 1400 3.24237e-18 939.415
1850 1450 3.18873e-18 961.769
1850 1500 3.13016e-18 986.154
1850 200 2.74099e-18 1167.26
1850 1550 3.06784e-18 1012.42
1850 1600 3.00214e-18 1040.43
1850 1650 2.93557e-18 1070.05
1850 1700 2.86902e-18 1101.14
1850 1750 2.80463e-18 1133.58
1850 1800 2.74099e-18 1167.26
1850 1850 2.68199e-18 1202.08
1850 1900 2.62266e-18 1237.94
1850 250 2.80463e-18 1133.58
1850 300 2.86902e-18 1101.14
1850 350 2.93557e-18 1070.05
1850 400 3.00214e-18 1040.43
1850 450 3.06784e-18 1012.42
1850 500 3.13016e-18 986.154
1900 50 2.49377e-18 1308.63
1900 100 2.5724e-18 1272.79
1900 550 3.07794e-18 1006.23
1900 600 3.12939e-18 984.886
1900 650 3.17617e-18 965.66
1900 700 3.21771e-18 948.683
1900 750 3.25389e-18 934.077
1900 800 3.28427e-18 921.954
1900 850 3.30836e-18 912.414
1900 900 3.32608e-18 905.539
1900 950 3.33697e-18 901.388
1900 1000 3.34064e-18 900
1900 150 2.62266e-18 1237.94
1900 1050 3.33697e-18 901.388
1900 1100 3.32608e-18 905.539
1900 1150 3.30836e-18 912.414
1900 1200 3.28427e-18 921.954
1900 1250 3.25389e-18 934.077
1900 1300 3.21771e-18 948.683
1900 1350 3.17617e-18 965.66
1900 1400 3.12939e-18 984.886
1900 1450 3.07794e-18 1006.23
1900 1500 3.02276e-18 1029.56
1900 200 2.67438e-18 1204.16
1900 1550 2.96498e-18 1054.75
1900 1600 2.90514e-18 1081.67
1900 1650 2.84576e-18 1110.18
1900 1700 2.78736e-18 1140.18
1900 1750 2.73124e-18 1171.54
1900 1800 2.67438e-18 1204.16
1900 1850 2.62266e-18 1237.94
1900 1900 2.5724e-18 1272.79
1900 250 2.73124e-18 1171.54
1900 300 2.78736e-18 1140.18
1900 350 2.84576e-18 1110.18
1900 400 2.90514e-18 1081.67
1900 450 2.96498e-18 1054.75
1900 500 3.02276e-18 1029.56
200 50 2.60273e-18 1241.97
200 100 2.67438e-18 1204.16
200 550 3.29549e-18 917.878
200 600 3.35603e-18 894.427
200 650 3.41409e-18 873.212
200 700 3.46869e-18 854.4
200 750 3.51844e-18 838.153
200 800 3.56229e-18 824.621
200 850 3.59822e-18 813.941
200 900 3.62491e-18 806.226
200 950 3.6414e-18 801.561
200 1000 3.64698e-18 800
200 150 2.74099e-18 1167.26
200 1050 3.6414e-18 801.561
200 1100 3.62491e-18 806.226
200 1150 3.59822e-18 813.941
200 1200 3.56229e-18 824.621
200 1250 3.51844e-18 838.153
200 1300 3.46869e-18 854.4
200 1350 3.41409e-18 873.212
200 1400 3.35603e-18 894.427
200 1450 3.29549e-18 917.878
200 1500 3.23187e-18 943.398
200 200 2.80538e-18 1131.37
200 1550 3.16495e-18 970.824
200 1600 3.09502e-18 1000
200 1650 3.02278e-18 1030.78
200 1700 2.94856e-18 1063.01
200 1750 2.87603e-18 1096.59
200 1800 2.80538e-18 1131.37
200 1850 2.74099e-18 1167.26
200 1900 2.67438e-18 1204.16
200 250 2.87603e-18 1096.59
200 300 2.94856e-18 1063.01
200 350 3.02278e-18 1030.78
200 400 3.09502e-18 1000
200 450 3.16495e-18 970.824
200 500 3.23187e-18 943.398
250 50 2.6592e-18 1210.37
250 100 2.73124e-18 1171.54
250 550 3.40911e-18 874.643
250 600 3.48137e-18 850
250 650 3.55295e-18 827.647
250 700 3.62062e-18 807.775
250 750 3.68211e-18 790.569
250 800 3.73461e-18 776.209
250 850 3.77675e-18 764.853
250 900 3.80752e-18 756.637
250 950 3.82621e-18 751.665
250 1000 3.83247e-18 750
250 150 2.80463e-18 1133.58
250 1050 3.82621e-18 751.665
250 1100 3.80752e-18 756.637
250 1150 3.77675e-18 764.853
250 1200 3.73461e-18 776.209
250 1250 3.68211e-18 790.569
250 1300 3.62062e-18 807.775
250 1350 3.55295e-18 827.647
250 1400 3.48137e-18 850
250 1450 3.40911e-18 874.643
250 1500 3.33728e-18 901.388
250 200 2.87603e-18 1096.59
250 1550 3.26463e-18 930.054
250 1600 3.19074e-18 960.469
250 1650 3.1132e-18 992.472
250 1700 3.03431e-18 1025.91
250 1750 2.95466e-18 1060.66
250 1800 2.87603e-18 1096.59
250 1850 2.80463e-18 1133.58
250 1900 2.73124e-18 1171.54
250 250 2.95466e-18 1060.66
250 300 3.03431e-18 1025.91
250 350 3.1132e-18 992.472
250 400 3.19074e-18 960.469
250 450 3.26463e-18 930.054
250 500 3.33728e-18 901.388
300 50 2.71051e-18 1180.04
300 100 2.78736e-18 1140.18
300 550 3.53774e-18 832.166
300 600 3.6257e-18 806.226
300 650 3.71027e-18 782.624
300 700 3.78897e-18 761.577
300 750 3.85846e-18 743.303
300 800 3.91724e-18 728.011
300 850 3.96418e-18 715.891
300 900 3.99848e-18 707.107
300 950 4.01947e-18 701.783
300 1000 4.02654e-18 700
300 150 2.86902e-18 1101.14
300 1050 4.01947e-18 701.783
300 1100 3.99848e-18 707.107
300 1150 3.96418e-18 715.891
300 1200 3.91724e-18 728.011
300 1250 3.85846e-18 743.303
300 1300 3.78897e-18 761.577
300 1350 3.71027e-18 782.624
300 1400 3.6257e-18 806.226
300 1450 3.53774e-18 832.166
300 1500 3.45097e-18 860.233
300 200 2.94856e-18 1063.01
300 1550 3.36632e-18 890.225
300 1600 3.28484e-18 921.954
300 1650 3.2034e-18 955.249
300 1700 3.11993e-18 989.949
300 1750 3.03431e-18 1025.91
300 1800 2.94856e-18 1063.01
300 1850 2.86902e-18 1101.14
300 1900 2.78736e-18 1140.18
300 250 3.03431e-18 1025.91
300 300 3.11993e-18 989.949
300 350 3.2034e-18 955.249
300 400 3.28484e-18 921.954
300 450 3.36632e-18 890.225
300 500 3.45097e-18 860.233
350 50 2.76293e-18 1151.09
350 100 2.84576e-18 1110.18
350 550 3.68164e-18 790.569
350 600 3.78305e-18 763.217
350 650 3.87793e-18 738.241
350 700 3.96382e-18 715.891
350 750 4.04054e-18 696.419
350 800 4.10745e-18 680.074
350 850 4.16312e-18 667.083
350 900 4.20541e-18 657.647
350 950 4.23197e-18 651.92
350 1000 4.24104e-18 650
350 150 2.93557e-18 1070.05
350 1050 4.23197e-18 651.92
350 1100 4.20541e-18 657.647
350 1150 4.16312e-18 667.083
350 1200 4.10745e-18 680.074
350 1250 4.04054e-18 696.419
350 1300 3.96382e-18 715.891
350 1350 3.87793e-18 738.241
350 1400 3.78305e-18 763.217
350 1450 3.68164e-18 790.569
350 1500 3.57746e-18 820.061
350 200 3.02278e-18 1030.78
350 1550 3.47724e-18 851.469
350 1600 3.38182e-18 884.59
350 1650 3.29212e-18 919.239
350 1700 3.2034e-18 955.249
350 1750 3.1132e-18 992.472
350 1800 3.02278e-18 1030.78
350 1850 2.93557e-18 1070.05
350 1900 2.84576e-18 1110.18
350 250 3.1132e-18 992.472
350 300 3.2034e-18 955.249
350 350 3.29212e-18 919.239
350 400 3.38182e-18 884.59
350 450 3.47724e-18 851.469
350 500 3.57746e-18 820.061
400 50 2.81581e-18 1123.61
400 100 2.90514e-18 1081.67
400 550 3.83301e-18 750
400 600 3.94331e-18 721.11
400 650 4.04762e-18 694.622
400 700 4.14681e-18 670.82
400 750 4.24104e-18 650
400 800 4.32823e-18 632.456
400 850 4.40413e-18 618.466
400 900 4.46336e-18 608.276
400 950 4.50107e-18 602.08
400 1000 4.51402e-18 600
400 150 3.00214e-18 1040.43
400 1050 4.50107e-18 602.08
400 1100 4.46336e-18 608.276
400 1150 4.40413e-18 618.466
400 1200 4.32823e-18 632.456
400 1250 4.24104e-18 650
400 1300 4.14681e-18 670.82
400 1350 4.04762e-18 694.622
400 1400 3.94331e-18 721.11
400 1450 3.83301e-18 750
400 1500 3.71682e-18 781.025
400 200 3.09502e-18 1000
400 1550 3.59925e-18 813.941
400 1600 3.48544e-18 848.528
400 1650 3.38182e-18 884.59
400 1700 3.28484e-18 921.954
400 1750 3.19074e-18 960.469
400 1800 3.09502e-18 1000
400 1850 3.00214e-18 1040.43
400 1900 2.90514e-18 1081.67
400 250 3.19074e-18 960.469
400 300 3.28484e-18 921.954
400 350 3.38182e-18 884.59
400 400 3.48544e-18 848.528
400 450 3.59925e-18 813.941
400 500 3.71682e-18 781.025
450 50 2.86801e-18 1097.72
450 100 2.96498e-18 1054.75
450 550 3.98435e-18 710.634
450 600 4.10755e-18 680.074
450 650 4.23196e-18 651.92
450 700 4.35992e-18 626.498
450 750 4.48834e-18 604.152
450 800 4.60999e-18 585.235
450 850 4.71556e-18 570.088
450 900 4.79659e-18 559.017
450 950 4.84723e-18 552.268
450 1000 4.8644e-18 550
450 150 3.06784e-18 1012.42
450 1050 4.84723e-18 552.268
450 1100 4.79659e-18 559.017
450 1150 4.71556e-18 570.088
450 1200 4.60999e-18 585.235
450 1250 4.48834e-18 604.152
450 1300 4.35992e-18 626.498
450 1350 4.23196e-18 651.92
450 1400 4.10755e-18 680.074
450 1450 3.98435e-18 710.634
450 1500 3.85833e-18 743.303
450 200 3.16495e-18 970.824
450 1550 3.72783e-18 777.817
450 1600 3.59925e-18 813.941
450 1650 3.47724e-18 851.469
450 1700 3.36632e-18 890.225
450 1750 3.26463e-18 930.054
450 1800 3.16495e-18 970.824
450 1850 3.06784e-18 1012.42
450 1900 2.96498e-18 1054.75
450 250 3.26463e-18 930.054
450 300 3.36632e-18 890.225
450 350 3.47724e-18 851.469
450 400 3.59925e-18 813.941
450 450 3.72783e-18 777.817
450 500 3.85833e-18 743.303
500 50 2.91961e-18 1073.55
500 100 3.02276e-18 1029.56
500 550 4.13886e-18 672.681
500 600 4.28821e-18 640.312
500 650 4.45115e-18 610.328
500 700 4.62437e-18 583.095
500 750 4.79661e-18 559.017
500 800 4.95219e-18 538.516
500 850 5.07804e-18 522.015
500 900 5.16768e-18 509.902
500 950 5.2204e-18 502.494
500 1000 5.2377e-18 500
500 150 3.13016e-18 986.154
500 1050 5.2204e-18 502.494
500 1100 5.16768e-18 509.902
500 1150 5.07804e-18 522.015
500 1200 4.95219e-18 538.516
500 1250 4.79661e-18 559.017
500 1300 4.62437e-18 583.095
500 1350 4.45115e-18 610.328
500 1400 4.28821e-18 640.312
500 1450 4.13886e-18 672.681
500 1500 3.99819e-18 707.107
500 200 3.23187e-18 943.398
500 1550 3.85833e-18 743.303
500 1600 3.71682e-18 781.025
500 1650 3.57746e-18 820.061
500 1700 3.45097e-18 860.233
500 1750 3.33728e-18 901.388
500 1800 3.23187e-18 943.398
500 1850 3.13016e-18 986.154
500 1900 3.02276e-18 1029.56
500 250 3.33728e-18 901.388
500 300 3.45097e-18 860.233
500 350 3.57746e-18 820.061
500 400 3.71682e-18 781.025
500 450 3.85833e-18 743.303
500 500 3.99819e-18 707.107
