50 50 1.51107e-17 1343.5
50 100 1.5337e-17 1308.63
50 550 1.82423e-17 1051.19
50 600 1.85265e-17 1030.78
50 650 1.8789e-17 1012.42
50 700 1.90257e-17 996.243
50 750 1.92336e-17 982.344
50 800 1.94113e-17 970.824
50 850 1.95562e-17 961.769
50 900 1.96625e-17 955.249
50 950 1.97251e-17 951.315
50 1000 1.97484e-17 950
50 150 1.56645e-17 1274.75
50 1050 1.97251e-17 951.315
50 1100 1.96625e-17 955.249
50 1150 1.95562e-17 961.769
50 1200 1.94113e-17 970.824
50 1250 1.92336e-17 982.344
50 1300 1.90257e-17 996.243
50 1350 1.8789e-17 1012.42
50 1400 1.85265e-17 1030.78
50 1450 1.82423e-17 1051.19
50 1500 1.79432e-17 1073.55
50 200 1.59917e-17 1241.97
50 1550 1.76316e-17 1097.72
50 1600 1.73109e-17 1123.61
50 1650 1.6985e-17 1151.09
50 1700 1.66528e-17 1180.04
50 1750 1.63208e-17 1210.37
50 1800 1.59917e-17 1241.97
50 1850 1.56645e-17 1274.75
50 1900 1.5337e-17 1308.63
50 250 1.63208e-17 1210.37
50 300 1.66528e-17 1180.04
50 350 1.6985e-17 1151.09
50 400 1.73109e-17 1123.61
50 450 1.76316e-17 1097.72
50 500 1.79432e-17 1073.55
550 50 1.82423e-17 1051.19
550 100 1.88757e-17 1006.23
550 550 2.68972e-17 636.396
550 600 2.8032e-17 602.08
550 650 2.92147e-17 570.088
550 700 3.04269e-17 540.833
550 750 3.15739e-17 514.782
550 800 3.25787e-17 492.443
550 850 3.35066e-17 474.342
550 900 3.4267e-17 460.977
550 950 3.47545e-17 452.769
550 1000 3.49219e-17 450
550 150 1.95617e-17 961.769
550 1050 3.47545e-17 452.769
550 1100 3.4267e-17 460.977
550 1150 3.35066e-17 474.342
550 1200 3.25787e-17 492.443
550 1250 3.15739e-17 514.782
550 1300 3.04269e-17 540.833
550 1350 2.92147e-17 570.088
550 1400 2.8032e-17 602.08
550 1450 2.68972e-17 636.396
550 1500 2.57688e-17 672.681
550 200 2.02837e-17 917.878
550 1550 2.47135e-17 710.634
550 1600 2.37152e-17 750
550 1650 2.27688e-17 790.569
550 1700 2.18887e-17 832.166
550 1750 2.10576e-17 874.643
550 1800 2.02837e-17 917.878
550 1850 1.95617e-17 961.769
550 1900 1.88757e-17 1006.23
550 250 2.10576e-17 874.643
550 300 2.18887e-17 832.166
550 350 2.27688e-17 790.569
550 400 2.37152e-17 750
550 450 2.47135e-17 710.634
550 500 2.57688e-17 672.681
600 50 1.85265e-17 1030.78
600 100 1.91985e-17 984.886
600 550 2.8032e-17 602.08
600 600 2.9391e-17 565.685
600 650 3.08349e-17 531.507
600 700 3.22297e-17 500
600 750 3.36538e-17 471.699
600 800 3.50928e-17 447.214
600 850 3.6342e-17 427.2
600 900 3.7275e-17 412.311
600 950 3.78535e-17 403.113
600 1000 3.80523e-17 400
600 150 1.99206e-17 939.415
600 1050 3.78535e-17 403.113
600 1100 3.7275e-17 412.311
600 1150 3.6342e-17 427.2
600 1200 3.50928e-17 447.214
600 1250 3.36538e-17 471.699
600 1300 3.22297e-17 500
600 1350 3.08349e-17 531.507
600 1400 2.9391e-17 565.685
600 1450 2.8032e-17 602.08
600 1500 2.67706e-17 640.312
600 200 2.06948e-17 894.427
600 1550 2.55572e-17 680.074
600 1600 2.44445e-17 721.11
600 1650 2.33987e-17 763.217
600 1700 2.2429e-17 806.226
600 1750 2.15317e-17 850
600 1800 2.06948e-17 894.427
600 1850 1.99206e-17 939.415
600 1900 1.91985e-17 984.886
600 250 2.15317e-17 850
600 300 2.2429e-17 806.226
600 350 2.33987e-17 763.217
600 400 2.44445e-17 721.11
600 450 2.55572e-17 680.074
600 500 2.67706e-17 640.312
650 50 1.8789e-17 1012.42
650 100 1.94984e-17 965.66
650 550 2.92147e-17 570.088
650 600 3.08349e-17 531.507
650 650 3.24606e-17 494.975
650 700 3.42685e-17 460.977
650 750 3.61594e-17 430.116
650 800 3.78547e-17 403.113
650 850 3.93673e-17 380.789
650 900 4.07305e-17 364.005
650 950 4.17162e-17 353.553
650 1000 4.20729e-17 350
650 150 2.02563e-17 919.239
650 1050 4.17162e-17 353.553
650 1100 4.07305e-17 364.005
650 1150 3.93673e-17 380.789
650 1200 3.78547e-17 403.113
650 1250 3.61594e-17 430.116
650 1300 3.42685e-17 460.977
650 1350 3.24606e-17 494.975
650 1400 3.08349e-17 531.507
650 1450 2.92147e-17 570.088
650 1500 2.77529e-17 610.328
650 200 2.10838e-17 873.212
650 1550 2.64004e-17 651.92
650 1600 2.51447e-17 694.622
650 1650 2.40073e-17 738.241
650 1700 2.29468e-17 782.624
650 1750 2.19806e-17 827.647
650 1800 2.10838e-17 873.212
650 1850 2.02563e-17 919.239
650 1900 1.94984e-17 965.66
650 250 2.19806e-17 827.647
650 300 2.29468e-17 782.624
650 350 2.40073e-17 738.241
650 400 2.51447e-17 694.622
650 450 2.64004e-17 651.92
650 500 2.77529e-17 610.328
700 50 1.90257e-17 996.243
700 100 1.9767e-17 948.683
700 550 3.04269e-17 540.833
700 600 3.22297e-17 500
700 650 3.42685e-17 460.977
700 700 3.65279e-17 424.264
700 750 3.86799e-17 390.512
700 800 4.10454e-17 360.555
700 850 4.35906e-17 335.41
700 900 4.54821e-17 316.228
700 950 4.65895e-17 304.138
700 1000 4.69681e-17 300
700 150 2.0571e-17 901.388
700 1050 4.65895e-17 304.138
700 1100 4.54821e-17 316.228
700 1150 4.35906e-17 335.41
700 1200 4.10454e-17 360.555
700 1250 3.86799e-17 390.512
700 1300 3.65279e-17 424.264
700 1350 3.42685e-17 460.977
700 1400 3.22297e-17 500
700 1450 3.04269e-17 540.833
700 1500 2.87107e-17 583.095
700 200 2.14449e-17 854.4
700 1550 2.72214e-17 626.498
700 1600 2.5824e-17 670.82
700 1650 2.45772e-17 715.891
700 1700 2.34358e-17 761.577
700 1750 2.23955e-17 807.775
700 1800 2.14449e-17 854.4
700 1850 2.0571e-17 901.388
700 1900 1.9767e-17 948.683
700 250 2.23955e-17 807.775
700 300 2.34358e-17 761.577
700 350 2.45772e-17 715.891
700 400 2.5824e-17 670.82
700 450 2.72214e-17 626.498
700 500 2.87107e-17 583.095
750 50 1.92336e-17 982.344
750 100 2.0006e-17 934.077
750 550 3.15739e-17 514.782
750 600 3.36538e-17 471.699
750 650 3.61594e-17 430.116
750 700 3.86799e-17 390.512
750 750 4.17177e-17 353.553
750 800 4.51135e-17 320.156
750 850 4.77675e-17 291.548
750 900 5.04337e-17 269.258
750 950 5.28583e-17 254.951
750 1000 5.38098e-17 250
750 150 2.08495e-17 886.002
750 1050 5.28583e-17 254.951
750 1100 5.04337e-17 269.258
750 1150 4.77675e-17 291.548
750 1200 4.51135e-17 320.156
750 1250 4.17177e-17 353.553
750 1300 3.86799e-17 390.512
750 1350 3.61594e-17 430.116
750 1400 3.36538e-17 471.699
750 1450 3.15739e-17 514.782
750 1500 2.96613e-17 559.017
750 200 2.17676e-17 838.153
750 1550 2.79607e-17 604.152
750 1600 2.64639e-17 650
750 1650 2.5094e-17 696.419
750 1700 2.388e-17 743.303
750 1750 2.27686e-17 790.569
750 1800 2.17676e-17 838.153
750 1850 2.08495e-17 886.002
750 1900 2.0006e-17 934.077
750 250 2.27686e-17 790.569
750 300 2.388e-17 743.303
750 350 2.5094e-17 696.419
750 400 2.64639e-17 650
750 450 2.79607e-17 604.152
750 500 2.96613e-17 559.017
800 50 1.94113e-17 970.824
800 100 2.02115e-17 921.954
800 550 3.25787e-17 492.443
800 600 3.50928e-17 447.214
800 650 3.78547e-17 403.113
800 700 4.10454e-17 360.555
800 750 4.51135e-17 320.156
800 800 4.86742e-17 282.843
800 850 5.38106e-17 250
800 900 5.89687e-17 223.607
800 950 6.17896e-17 206.155
800 1000 6.28006e-17 200
800 150 2.10843e-17 873.212
800 1050 6.17896e-17 206.155
800 1100 5.89687e-17 223.607
800 1150 5.38106e-17 250
800 1200 4.86742e-17 282.843
800 1250 4.51135e-17 320.156
800 1300 4.10454e-17 360.555
800 1350 3.78547e-17 403.113
800 1400 3.50928e-17 447.214
800 1450 3.25787e-17 492.443
800 1500 3.05265e-17 538.516
800 200 2.20425e-17 824.621
800 1550 2.86297e-17 585.235
800 1600 2.70249e-17 632.456
800 1650 2.55534e-17 680.074
800 1700 2.42642e-17 728.011
800 1750 2.30927e-17 776.209
800 1800 2.20425e-17 824.621
800 1850 2.10843e-17 873.212
800 1900 2.02115e-17 921.954
800 250 2.30927e-17 776.209
800 300 2.42642e-17 728.011
800 350 2.55534e-17 680.074
800 400 2.70249e-17 632.456
800 450 2.86297e-17 585.235
800 500 3.05265e-17 538.516
850 50 1.95562e-17 961.769
850 100 2.03766e-17 912.414
850 550 3.35066e-17 474.342
850 600 3.6342e-17 427.2
850 650 3.93673e-17 380.789
850 700 4.35906e-17 335.41
850 750 4.77675e-17 291.548
850 800 5.38106e-17 250
850 850 6.08451e-17 212.132
850 900 6.68663e-17 180.278
850 950 7.45187e-17 158.114
850 1000 7.7843e-17 150
850 150 2.1273e-17 863.134
850 1050 7.45187e-17 158.114
850 1100 6.68663e-17 180.278
850 1150 6.08451e-17 212.132
850 1200 5.38106e-17 250
850 1250 4.77675e-17 291.548
850 1300 4.35906e-17 335.41
850 1350 3.93673e-17 380.789
850 1400 3.6342e-17 427.2
850 1450 3.35066e-17 474.342
850 1500 3.12536e-17 522.015
850 200 2.22633e-17 813.941
850 1550 2.92131e-17 570.088
850 1600 2.74803e-17 618.466
850 1650 2.59359e-17 667.083
850 1700 2.45767e-17 715.891
850 1750 2.33574e-17 764.853
850 1800 2.22633e-17 813.941
850 1850 2.1273e-17 863.134
850 1900 2.03766e-17 912.414
850 250 2.33574e-17 764.853
850 300 2.45767e-17 715.891
850 350 2.59359e-17 667.083
850 400 2.74803e-17 618.466
850 450 2.92131e-17 570.088
850 500 3.12536e-17 522.015
900 50 1.96625e-17 955.249
900 100 2.04996e-17 905.539
900 550 3.4267e-17 460.977
900 600 3.7275e-17 412.311
900 650 4.07305e-17 364.005
900 700 4.54821e-17 316.228
900 750 5.04337e-17 269.258
900 800 5.89687e-17 223.607
900 850 6.68663e-17 180.278
900 900 8.14517e-17 141.421
900 950 9.75942e-17 111.803
900 1000 1.05302e-16 100
900 150 2.14138e-17 855.862
900 1050 9.75942e-17 111.803
900 1100 8.14517e-17 141.421
900 1150 6.68663e-17 180.278
900 1200 5.89687e-17 223.607
900 1250 5.04337e-17 269.258
900 1300 4.54821e-17 316.228
900 1350 4.07305e-17 364.005
900 1400 3.7275e-17 412.311
900 1450 3.4267e-17 460.977
900 1500 3.17877e-17 509.902
900 200 2.24262e-17 806.226
900 1550 2.96606e-17 559.017
900 1600 2.78225e-17 608.276
900 1650 2.62238e-17 657.647
900 1700 2.48074e-17 707.107
900 1750 2.35533e-17 756.637
900 1800 2.24262e-17 806.226
900 1850 2.14138e-17 855.862
900 1900 2.04996e-17 905.539
900 250 2.35533e-17 756.637
900 300 2.48074e-17 707.107
900 350 2.62238e-17 657.647
900 400 2.78225e-17 608.276
900 450 2.96606e-17 559.017
900 500 3.17877e-17 509.902
950 50 1.97251e-17 951.315
950 100 2.05719e-17 901.388
950 550 3.47545e-17 452.769
950 600 3.78535e-17 403.113
950 650 4.17162e-17 353.553
950 700 4.65895e-17 304.138
950 750 5.28583e-17 254.951
950 800 6.17896e-17 206.155
950 850 7.45187e-17 158.114
950 900 9.75942e-17 111.803
950 950 1.23635e-16 70.7107
950 1000 1.49759e-16 50
950 150 2.15009e-17 851.469
950 1050 1.23635e-16 70.7107
950 1100 9.75942e-17 111.803
950 1150 7.45187e-17 158.114
950 1200 6.17896e-17 206.155
950 1250 5.28583e-17 254.951
950 1300 4.65895e-17 304.138
950 1350 4.17162e-17 353.553
950 1400 3.78535e-17 403.113
950 1450 3.47545e-17 452.769
950 1500 3.21158e-17 502.494
950 200 2.25269e-17 801.561
950 1550 2.99396e-17 552.268
950 1600 2.80332e-17 602.08
950 1650 2.64021e-17 651.92
950 1700 2.49489e-17 701.783
950 1750 2.36737e-17 751.665
950 1800 2.25269e-17 801.561
950 1850 2.15009e-17 851.469
950 1900 2.05719e-17 901.388
950 250 2.36737e-17 751.665
950 300 2.49489e-17 701.783
950 350 2.64021e-17 651.92
950 400 2.80332e-17 602.08
950 450 2.99396e-17 552.268
950 500 3.21158e-17 502.494
1000 50 1.97484e-17 950
1000 100 2.05973e-17 900
1000 550 3.49219e-17 450
1000 600 3.80523e-17 400
1000 650 4.20729e-17 350
1000 700 4.69681e-17 300
1000 750 5.38098e-17 250
1000 800 6.28006e-17 200
1000 850 7.7843e-17 150
1000 900 1.05302e-16 100
1000 950 1.49759e-16 50
1000 1000 9.99043e-20 0
1000 150 2.15276e-17 850
1000 1050 1.49759e-16 50
1000 1100 1.05302e-16 100
1000 1150 7.7843e-17 150
1000 1200 6.28006e-17 200
1000 1250 5.38098e-17 250
1000 1300 4.69681e-17 300
1000 1350 4.20729e-17 350
1000 1400 3.80523e-17 400
1000 1450 3.49219e-17 450
1000 1500 3.22279e-17 500
1000 200 2.25607e-17 800
1000 1550 3.00345e-17 550
1000 1600 2.81043e-17 600
1000 1650 2.64624e-17 650
1000 1700 2.49967e-17 700
1000 1750 2.37143e-17 750
1000 1800 2.25607e-17 800
1000 1850 2.15276e-17 850
1000 1900 2.05973e-17 900
1000 250 2.37143e-17 750
1000 300 2.49967e-17 700
1000 350 2.64624e-17 650
1000 400 2.81043e-17 600
1000 450 3.00345e-17 550
1000 500 3.22279e-17 500
100 50 1.5337e-17 1308.63
100 100 1.56835e-17 1272.79
100 550 1.88757e-17 1006.23
100 600 1.91985e-17 984.886
100 650 1.94984e-17 965.66
100 700 1.9767e-17 948.683
100 750 2.0006e-17 934.077
100 800 2.02115e-17 921.954
100 850 2.03766e-17 912.414
100 900 2.04996e-17 905.539
100 950 2.05719e-17 901.388
100 1000 2.05973e-17 900
100 150 1.60313e-17 1237.94
100 1050 2.05719e-17 901.388
100 1100 2.04996e-17 905.539
100 1150 2.03766e-17 912.414
100 1200 2.02115e-17 921.954
100 1250 2.0006e-17 934.077
100 1300 1.9767e-17 948.683
100 1350 1.94984e-17 965.66
100 1400 1.91985e-17 984.886
100 1450 1.88757e-17 1006.23
100 1500 1.85452e-17 1029.56
100 200 1.63876e-17 1204.16
100 1550 1.81949e-17 1054.75
100 1600 1.78346e-17 1081.67
100 1650 1.74782e-17 1110.18
100 1700 1.71112e-17 1140.18
100 1750 1.67475e-17 1171.54
100 1800 1.63876e-17 1204.16
100 1850 1.60313e-17 1237.94
100 1900 1.56835e-17 1272.79
100 250 1.67475e-17 1171.54
100 300 1.71112e-17 1140.18
100 350 1.74782e-17 1110.18
100 400 1.78346e-17 1081.67
100 450 1.81949e-17 1054.75
100 500 1.85452e-17 1029.56
1050 50 1.97251e-17 951.315
1050 100 2.05719e-17 901.388
1050 550 3.47545e-17 452.769
1050 600 3.78535e-17 403.113
1050 650 4.17162e-17 353.553
1050 700 4.65895e-17 304.138
1050 750 5.28583e-17 254.951
1050 800 6.17896e-17 206.155
1050 850 7.45187e-17 158.114
1050 900 9.75942e-17 111.803
1050 950 1.23635e-16 70.7107
1050 1000 1.49759e-16 50
1050 150 2.15009e-17 851.469
1050 1050 1.23635e-16 70.7107
1050 1100 9.75942e-17 111.803
1050 1150 7.45187e-17 158.114
1050 1200 6.17896e-17 206.155
1050 1250 5.28583e-17 254.951
1050 1300 4.65895e-17 304.138
1050 1350 4.17162e-17 353.553
1050 1400 3.78535e-17 403.113
1050 1450 3.47545e-17 452.769
1050 1500 3.21158e-17 502.494
1050 200 2.25269e-17 801.561
1050 1550 2.99396e-17 552.268
1050 1600 2.80332e-17 602.08
1050 1650 2.64021e-17 651.92
1050 1700 2.49489e-17 701.783
1050 1750 2.36737e-17 751.665
1050 1800 2.25269e-17 801.561
1050 1850 2.15009e-17 851.469
1050 1900 2.05719e-17 901.388
1050 250 2.36737e-17 751.665
1050 300 2.49489e-17 701.783
1050 350 2.64021e-17 651.92
1050 400 2.80332e-17 602.08
1050 450 2.99396e-17 552.268
1050 500 3.21158e-17 502.494
1100 50 1.96625e-17 955.249
1100 100 2.04996e-17 905.539
1100 550 3.4267e-17 460.977
1100 600 3.7275e-17 412.311
1100 650 4.07305e-17 364.005
1100 700 4.54821e-17 316.228
1100 750 5.04337e-17 269.258
1100 800 5.89687e-17 223.607
1100 850 6.68663e-17 180.278
1100 900 8.14517e-17 141.421
1100 950 9.75942e-17 111.803
1100 1000 1.05302e-16 100
1100 150 2.14138e-17 855.862
1100 1050 9.75942e-17 111.803
1100 1100 8.14517e-17 141.421
1100 1150 6.68663e-17 180.278
1100 1200 5.89687e-17 223.607
1100 1250 5.04337e-17 269.258
1100 1300 4.54821e-17 316.228
1100 1350 4.07305e-17 364.005
1100 1400 3.7275e-17 412.311
1100 1450 3.4267e-17 460.977
1100 1500 3.17877e-17 509.902
1100 200 2.24262e-17 806.226
1100 1550 2.96606e-17 559.017
1100 1600 2.78225e-17 608.276
1100 1650 2.62238e-17 657.647
1100 1700 2.48074e-17 707.107
1100 1750 2.35533e-17 756.637
1100 1800 2.24262e-17 806.226
1100 1850 2.14138e-17 855.862
1100 1900 2.04996e-17 905.539
1100 250 2.35533e-17 756.637
1100 300 2.48074e-17 707.107
1100 350 2.62238e-17 657.647
1100 400 2.78225e-17 608.276
1100 450 2.96606e-17 559.017
1100 500 3.17877e-17 509.902
1150 50 1.95562e-17 961.769
1150 100 2.03766e-17 912.414
1150 550 3.35066e-17 474.342
1150 600 3.6342e-17 427.2
1150 650 3.93673e-17 380.789
1150 700 4.35906e-17 335.41
1150 750 4.77675e-17 291.548
1150 800 5.38106e-17 250
1150 850 6.08451e-17 212.132
1150 900 6.68663e-17 180.278
1150 950 7.45187e-17 158.114
1150 1000 7.7843e-17 150
1150 150 2.1273e-17 863.134
1150 1050 7.45187e-17 158.114
1150 1100 6.68663e-17 180.278
1150 1150 6.08451e-17 212.132
1150 1200 5.38106e-17 250
1150 1250 4.77675e-17 291.548
1150 1300 4.35906e-17 335.41
1150 1350 3.93673e-17 380.789
1150 1400 3.6342e-17 427.2
1150 1450 3.35066e-17 474.342
1150 1500 3.12536e-17 522.015
1150 200 2.22633e-17 813.941
1150 1550 2.92131e-17 570.088
1150 1600 2.74803e-17 618.466
1150 1650 2.59359e-17 667.083
1150 1700 2.45767e-17 715.891
1150 1750 2.33574e-17 764.853
1150 1800 2.22633e-17 813.941
1150 1850 2.1273e-17 863.134
1150 1900 2.03766e-17 912.414
1150 250 2.33574e-17 764.853
1150 300 2.45767e-17 715.891
1150 350 2.59359e-17 667.083
1150 400 2.74803e-17 618.466
1150 450 2.92131e-17 570.088
1150 500 3.12536e-17 522.015
1200 50 1.94113e-17 970.824
1200 100 2.02115e-17 921.954
1200 550 3.25787e-17 492.443
1200 600 3.50928e-17 447.214
1200 650 3.78547e-17 403.113
1200 700 4.10454e-17 360.555
1200 750 4.51135e-17 320.156
1200 800 4.86742e-17 282.843
1200 850 5.38106e-17 250
1200 900 5.89687e-17 223.607
1200 950 6.17896e-17 206.155
1200 1000 6.28006e-17 200
1200 150 2.10843e-17 873.212
1200 1050 6.17896e-17 206.155
1200 1100 5.89687e-17 223.607
1200 1150 5.38106e-17 250
1200 1200 4.86742e-17 282.843
1200 1250 4.51135e-17 320.156
1200 1300 4.10454e-17 360.555
1200 1350 3.78547e-17 403.113
1200 1400 3.50928e-17 447.214
1200 1450 3.25787e-17 492.443
1200 1500 3.05265e-17 538.516
1200 200 2.20425e-17 824.621
1200 1550 2.86297e-17 585.235
1200 1600 2.70249e-17 632.456
1200 1650 2.55534e-17 680.074
1200 1700 2.42642e-17 728.011
1200 1750 2.30927e-17 776.209
1200 1800 2.20425e-17 824.621
1200 1850 2.10843e-17 873.212
1200 1900 2.02115e-17 921.954
1200 250 2.30927e-17 776.209
1200 300 2.42642e-17 728.011
1200 350 2.55534e-17 680.074
1200 400 2.70249e-17 632.456
1200 450 2.86297e-17 585.235
1200 500 3.05265e-17 538.516
1250 50 1.92336e-17 982.344
1250 100 2.0006e-17 934.077
1250 550 3.15739e-17 514.782
1250 600 3.36538e-17 471.699
1250 650 3.61594e-17 430.116
1250 700 3.86799e-17 390.512
1250 750 4.17177e-17 353.553
1250 800 4.51135e-17 320.156
1250 850 4.77675e-17 291.548
1250 900 5.04337e-17 269.258
1250 950 5.28583e-17 254.951
1250 1000 5.38098e-17 250
1250 150 2.08495e-17 886.002
1250 1050 5.28583e-17 254.951
1250 1100 5.04337e-17 269.258
1250 1150 4.77675e-17 291.548
1250 1200 4.51135e-17 320.156
1250 1250 4.17177e-17 353.553
1250 1300 3.86799e-17 390.512
1250 1350 3.61594e-17 430.116
1250 1400 3.36538e-17 471.699
1250 1450 3.15739e-17 514.782
1250 1500 2.96613e-17 559.017
1250 200 2.17676e-17 838.153
1250 1550 2.79607e-17 604.152
1250 1600 2.64639e-17 650
1250 1650 2.5094e-17 696.419
1250 1700 2.388e-17 743.303
1250 1750 2.27686e-17 790.569
1250 1800 2.17676e-17 838.153
1250 1850 2.08495e-17 886.002
1250 1900 2.0006e-17 934.077
1250 250 2.27686e-17 790.569
1250 300 2.388e-17 743.303
1250 350 2.5094e-17 696.419
1250 400 2.64639e-17 650
1250 450 2.79607e-17 604.152
1250 500 2.96613e-17 559.017
1300 50 1.90257e-17 996.243
1300 100 1.9767e-17 948.683
1300 550 3.04269e-17 540.833
1300 600 3.22297e-17 500
1300 650 3.42685e-17 460.977
1300 700 3.65279e-17 424.264
1300 750 3.86799e-17 390.512
1300 800 4.10454e-17 360.555
1300 850 4.35906e-17 335.41
1300 900 4.54821e-17 316.228
1300 950 4.65895e-17 304.138
1300 1000 4.69681e-17 300
1300 150 2.0571e-17 901.388
1300 1050 4.65895e-17 304.138
1300 1100 4.54821e-17 316.228
1300 1150 4.35906e-17 335.41
1300 1200 4.10454e-17 360.555
1300 1250 3.86799e-17 390.512
1300 1300 3.65279e-17 424.264
1300 1350 3.42685e-17 460.977
1300 1400 3.22297e-17 500
1300 1450 3.04269e-17 540.833
1300 1500 2.87107e-17 583.095
1300 200 2.14449e-17 854.4
1300 1550 2.72214e-17 626.498
1300 1600 2.5824e-17 670.82
1300 1650 2.45772e-17 715.891
1300 1700 2.34358e-17 761.577
1300 1750 2.23955e-17 807.775
1300 1800 2.14449e-17 854.4
1300 1850 2.0571e-17 901.388
1300 1900 1.9767e-17 948.683
1300 250 2.23955e-17 807.775
1300 300 2.34358e-17 761.577
1300 350 2.45772e-17 715.891
1300 400 2.5824e-17 670.82
1300 450 2.72214e-17 626.498
1300 500 2.87107e-17 583.095
1350 50 1.8789e-17 1012.42
1350 100 1.94984e-17 965.66
1350 550 2.92147e-17 570.088
1350 600 3.08349e-17 531.507
1350 650 3.24606e-17 494.975
1350 700 3.42685e-17 460.977
1350 750 3.61594e-17 430.116
1350 800 3.78547e-17 403.113
1350 850 3.93673e-17 380.789
1350 900 4.07305e-17 364.005
1350 950 4.17162e-17 353.553
1350 1000 4.20729e-17 350
1350 150 2.02563e-17 919.239
1350 1050 4.17162e-17 353.553
1350 1100 4.07305e-17 364.005
1350 1150 3.93673e-17 380.789
1350 1200 3.78547e-17 403.113
1350 1250 3.61594e-17 430.116
1350 1300 3.42685e-17 460.977
1350 1350 3.24606e-17 494.975
1350 1400 3.08349e-17 531.507
1350 1450 2.92147e-17 570.088
1350 1500 2.77529e-17 610.328
1350 200 2.10838e-17 873.212
1350 1550 2.64004e-17 651.92
1350 1600 2.51447e-17 694.622
1350 1650 2.40073e-17 738.241
1350 1700 2.29468e-17 782.624
1350 1750 2.19806e-17 827.647
1350 1800 2.10838e-17 873.212
1350 1850 2.02563e-17 919.239
1350 1900 1.94984e-17 965.66
1350 250 2.19806e-17 827.647
1350 300 2.29468e-17 782.624
1350 350 2.40073e-17 738.241
1350 400 2.51447e-17 694.622
1350 450 2.64004e-17 651.92
1350 500 2.77529e-17 610.328
1400 50 1.85265e-17 1030.78
1400 100 1.91985e-17 984.886
1400 550 2.8032e-17 602.08
1400 600 2.9391e-17 565.685
1400 650 3.08349e-17 531.507
1400 700 3.22297e-17 500
1400 750 3.36538e-17 471.699
1400 800 3.50928e-17 447.214
1400 850 3.6342e-17 427.2
1400 900 3.7275e-17 412.311
1400 950 3.78535e-17 403.113
1400 1000 3.80523e-17 400
1400 150 1.99206e-17 939.415
1400 1050 3.78535e-17 403.113
1400 1100 3.7275e-17 412.311
1400 1150 3.6342e-17 427.2
1400 1200 3.50928e-17 447.214
1400 1250 3.36538e-17 471.699
1400 1300 3.22297e-17 500
1400 1350 3.08349e-17 531.507
1400 1400 2.9391e-17 565.685
1400 1450 2.8032e-17 602.08
1400 1500 2.67706e-17 640.312
1400 200 2.06948e-17 894.427
1400 1550 2.55572e-17 680.074
1400 1600 2.44445e-17 721.11
1400 1650 2.33987e-17 763.217
1400 1700 2.2429e-17 806.226
1400 1750 2.15317e-17 850
1400 1800 2.06948e-17 894.427
1400 1850 1.99206e-17 939.415
1400 1900 1.91985e-17 984.886
1400 250 2.15317e-17 850
1400 300 2.2429e-17 806.226
1400 350 2.33987e-17 763.217
1400 400 2.44445e-17 721.11
1400 450 2.55572e-17 680.074
1400 500 2.67706e-17 640.312
1450 50 1.82423e-17 1051.19
1450 100 1.88757e-17 1006.23
1450 550 2.68972e-17 636.396
1450 600 2.8032e-17 602.08
1450 650 2.92147e-17 570.088
1450 700 3.04269e-17 540.833
1450 750 3.15739e-17 514.782
1450 800 3.25787e-17 492.443
1450 850 3.35066e-17 474.342
1450 900 3.4267e-17 460.977
1450 950 3.47545e-17 452.769
1450 1000 3.49219e-17 450
1450 150 1.95617e-17 961.769
1450 1050 3.47545e-17 452.769
1450 1100 3.4267e-17 460.977
1450 1150 3.35066e-17 474.342
1450 1200 3.25787e-17 492.443
1450 1250 3.15739e-17 514.782
1450 1300 3.04269e-17 540.833
1450 1350 2.92147e-17 570.088
1450 1400 2.8032e-17 602.08
1450 1450 2.68972e-17 636.396
1450 1500 2.57688e-17 672.681
1450 200 2.02837e-17 917.878
1450 1550 2.47135e-17 710.634
1450 1600 2.37152e-17 750
1450 1650 2.27688e-17 790.569
1450 1700 2.18887e-17 832.166
1450 1750 2.10576e-17 874.643
1450 1800 2.02837e-17 917.878
1450 1850 1.95617e-17 961.769
1450 1900 1.88757e-17 1006.23
1450 250 2.10576e-17 874.643
1450 300 2.18887e-17 832.166
1450 350 2.27688e-17 790.569
1450 400 2.37152e-17 750
1450 450 2.47135e-17 710.634
1450 500 2.57688e-17 672.681
1500 50 1.79432e-17 1073.55
1500 100 1.85452e-17 1029.56
1500 550 2.57688e-17 672.681
1500 600 2.67706e-17 640.312
1500 650 2.77529e-17 610.328
1500 700 2.87107e-17 583.095
1500 750 2.96613e-17 559.017
1500 800 3.05265e-17 538.516
1500 850 3.12536e-17 522.015
1500 900 3.17877e-17 509.902
1500 950 3.21158e-17 502.494
1500 1000 3.22279e-17 500
1500 150 1.91762e-17 986.154
1500 1050 3.21158e-17 502.494
1500 1100 3.17877e-17 509.902
1500 1150 3.12536e-17 522.015
1500 1200 3.05265e-17 538.516
1500 1250 2.96613e-17 559.017
1500 1300 2.87107e-17 583.095
1500 1350 2.77529e-17 610.328
1500 1400 2.67706e-17 640.312
1500 1450 2.57688e-17 672.681
1500 1500 2.48114e-17 707.107
1500 200 1.98554e-17 943.398
1500 1550 2.38819e-17 743.303
1500 1600 2.29838e-17 781.025
1500 1650 2.21372e-17 820.061
1500 1700 2.13319e-17 860.233
1500 1750 2.05712e-17 901.388
1500 1800 1.98554e-17 943.398
1500 1850 1.91762e-17 986.154
1500 1900 1.85452e-17 1029.56
1500 250 2.05712e-17 901.388
1500 300 2.13319e-17 860.233
1500 350 2.21372e-17 820.061
1500 400 2.29838e-17 781.025
1500 450 2.38819e-17 743.303
1500 500 2.48114e-17 707.107
150 50 1.56645e-17 1274.75
150 100 1.60313e-17 1237.94
150 550 1.95617e-17 961.769
150 600 1.99206e-17 939.415
150 650 2.02563e-17 919.239
150 700 2.0571e-17 901.388
150 750 2.08495e-17 886.002
150 800 2.10843e-17 873.212
150 850 2.1273e-17 863.134
150 900 2.14138e-17 855.862
150 950 2.15009e-17 851.469
150 1000 2.15276e-17 850
150 150 1.64144e-17 1202.08
150 1050 2.15009e-17 851.469
150 1100 2.14138e-17 855.862
150 1150 2.1273e-17 863.134
150 1200 2.10843e-17 873.212
150 1250 2.08495e-17 886.002
150 1300 2.0571e-17 901.388
150 1350 2.02563e-17 919.239
150 1400 1.99206e-17 939.415
150 1450 1.95617e-17 961.769
150 1500 1.91762e-17 986.154
150 200 1.67967e-17 1167.26
150 1550 1.87868e-17 1012.42
150 1600 1.83945e-17 1040.43
150 1650 1.79869e-17 1070.05
150 1700 1.75886e-17 1101.14
150 1750 1.71934e-17 1133.58
150 1800 1.67967e-17 1167.26
150 1850 1.64144e-17 1202.08
150 1900 1.60313e-17 1237.94
150 250 1.71934e-17 1133.58
150 300 1.75886e-17 1101.14
150 350 1.79869e-17 1070.05
150 400 1.83945e-17 1040.43
150 450 1.87868e-17 1012.42
150 500 1.91762e-17 986.154
1550 50 1.76316e-17 1097.72
1550 100 1.81949e-17 1054.75
1550 550 2.47135e-17 710.634
1550 600 2.55572e-17 680.074
1550 650 2.64004e-17 651.92
1550 700 2.72214e-17 626.498
1550 750 2.79607e-17 604.152
1550 800 2.86297e-17 585.235
1550 850 2.92131e-17 570.088
1550 900 2.96606e-17 559.017
1550 950 2.99396e-17 552.268
1550 1000 3.00345e-17 550
1550 150 1.87868e-17 1012.42
1550 1050 2.99396e-17 552.268
1550 1100 2.96606e-17 559.017
1550 1150 2.92131e-17 570.088
1550 1200 2.86297e-17 585.235
1550 1250 2.79607e-17 604.152
1550 1300 2.72214e-17 626.498
1550 1350 2.64004e-17 651.92
1550 1400 2.55572e-17 680.074
1550 1450 2.47135e-17 710.634
1550 1500 2.38819e-17 743.303
1550 200 1.9415e-17 970.824
1550 1550 2.30568e-17 777.817
1550 1600 2.22657e-17 813.941
1550 1650 2.15028e-17 851.469
1550 1700 2.07714e-17 890.225
1550 1750 2.00772e-17 930.054
1550 1800 1.9415e-17 970.824
1550 1850 1.87868e-17 1012.42
1550 1900 1.81949e-17 1054.75
1550 250 2.00772e-17 930.054
1550 300 2.07714e-17 890.225
1550 350 2.15028e-17 851.469
1550 400 2.22657e-17 813.941
1550 450 2.30568e-17 777.817
1550 500 2.38819e-17 743.303
1600 50 1.73109e-17 1123.61
1600 100 1.78346e-17 1081.67
1600 550 2.37152e-17 750
1600 600 2.44445e-17 721.11
1600 650 2.51447e-17 694.622
1600 700 2.5824e-17 670.82
1600 750 2.64639e-17 650
1600 800 2.70249e-17 632.456
1600 850 2.74803e-17 618.466
1600 900 2.78225e-17 608.276
1600 950 2.80332e-17 602.08
1600 1000 2.81043e-17 600
1600 150 1.83945e-17 1040.43
1600 1050 2.80332e-17 602.08
1600 1100 2.78225e-17 608.276
1600 1150 2.74803e-17 618.466
1600 1200 2.70249e-17 632.456
1600 1250 2.64639e-17 650
1600 1300 2.5824e-17 670.82
1600 1350 2.51447e-17 694.622
1600 1400 2.44445e-17 721.11
1600 1450 2.37152e-17 750
1600 1500 2.29838e-17 781.025
1600 200 1.89713e-17 1000
1600 1550 2.22657e-17 813.941
1600 1600 2.15607e-17 848.528
1600 1650 2.08742e-17 884.59
1600 1700 2.02146e-17 921.954
1600 1750 1.95799e-17 960.469
1600 1800 1.89713e-17 1000
1600 1850 1.83945e-17 1040.43
1600 1900 1.78346e-17 1081.67
1600 250 1.95799e-17 960.469
1600 300 2.02146e-17 921.954
1600 350 2.08742e-17 884.59
1600 400 2.15607e-17 848.528
1600 450 2.22657e-17 813.941
1600 500 2.29838e-17 781.025
1650 50 1.6985e-17 1151.09
1650 100 1.74782e-17 1110.18
1650 550 2.27688e-17 790.569
1650 600 2.33987e-17 763.217
1650 650 2.40073e-17 738.241
1650 700 2.45772e-17 715.891
1650 750 2.5094e-17 696.419
1650 800 2.55534e-17 680.074
1650 850 2.59359e-17 667.083
1650 900 2.62238e-17 657.647
1650 950 2.64021e-17 651.92
1650 1000 2.64624e-17 650
1650 150 1.79869e-17 1070.05
1650 1050 2.64021e-17 651.92
1650 1100 2.62238e-17 657.647
1650 1150 2.59359e-17 667.083
1650 1200 2.55534e-17 680.074
1650 1250 2.5094e-17 696.419
1650 1300 2.45772e-17 715.891
1650 1350 2.40073e-17 738.241
1650 1400 2.33987e-17 763.217
1650 1450 2.27688e-17 790.569
1650 1500 2.21372e-17 820.061
1650 200 1.85266e-17 1030.78
1650 1550 2.15028e-17 851.469
1650 1600 2.08742e-17 884.59
1650 1650 2.02608e-17 919.239
1650 1700 1.96627e-17 955.249
1650 1750 1.90831e-17 992.472
1650 1800 1.85266e-17 1030.78
1650 1850 1.79869e-17 1070.05
1650 1900 1.74782e-17 1110.18
1650 250 1.90831e-17 992.472
1650 300 1.96627e-17 955.249
1650 350 2.02608e-17 919.239
1650 400 2.08742e-17 884.59
1650 450 2.15028e-17 851.469
1650 500 2.21372e-17 820.061
1700 50 1.66528e-17 1180.04
1700 100 1.71112e-17 1140.18
1700 550 2.18887e-17 832.166
1700 600 2.2429e-17 806.226
1700 650 2.29468e-17 782.624
1700 700 2.34358e-17 761.577
1700 750 2.388e-17 743.303
1700 800 2.42642e-17 728.011
1700 850 2.45767e-17 715.891
1700 900 2.48074e-17 707.107
1700 950 2.49489e-17 701.783
1700 1000 2.49967e-17 700
1700 150 1.75886e-17 1101.14
1700 1050 2.49489e-17 701.783
1700 1100 2.48074e-17 707.107
1700 1150 2.45767e-17 715.891
1700 1200 2.42642e-17 728.011
1700 1250 2.388e-17 743.303
1700 1300 2.34358e-17 761.577
1700 1350 2.29468e-17 782.624
1700 1400 2.2429e-17 806.226
1700 1450 2.18887e-17 832.166
1700 1500 2.13319e-17 860.233
1700 200 1.80828e-17 1063.01
1700 1550 2.07714e-17 890.225
1700 1600 2.02146e-17 921.954
1700 1650 1.96627e-17 955.249
1700 1700 1.91217e-17 989.949
1700 1750 1.85953e-17 1025.91
1700 1800 1.80828e-17 1063.01
1700 1850 1.75886e-17 1101.14
1700 1900 1.71112e-17 1140.18
1700 250 1.85953e-17 1025.91
1700 300 1.91217e-17 989.949
1700 350 1.96627e-17 955.249
1700 400 2.02146e-17 921.954
1700 450 2.07714e-17 890.225
1700 500 2.13319e-17 860.233
1750 50 1.63208e-17 1210.37
1750 100 1.67475e-17 1171.54
1750 550 2.10576e-17 874.643
1750 600 2.15317e-17 850
1750 650 2.19806e-17 827.647
1750 700 2.23955e-17 807.775
1750 750 2.27686e-17 790.569
1750 800 2.30927e-17 776.209
1750 850 2.33574e-17 764.853
1750 900 2.35533e-17 756.637
1750 950 2.36737e-17 751.665
1750 1000 2.37143e-17 750
1750 150 1.71934e-17 1133.58
1750 1050 2.36737e-17 751.665
1750 1100 2.35533e-17 756.637
1750 1150 2.33574e-17 764.853
1750 1200 2.30927e-17 776.209
1750 1250 2.27686e-17 790.569
1750 1300 2.23955e-17 807.775
1750 1350 2.19806e-17 827.647
1750 1400 2.15317e-17 850
1750 1450 2.10576e-17 874.643
1750 1500 2.05712e-17 901.388
1750 200 1.76468e-17 1096.59
1750 1550 2.00772e-17 930.054
1750 1600 1.95799e-17 960.469
1750 1650 1.90831e-17 992.472
1750 1700 1.85953e-17 1025.91
1750 1750 1.81156e-17 1060.66
1750 1800 1.76468e-17 1096.59
1750 1850 1.71934e-17 1133.58
1750 1900 1.67475e-17 1171.54
1750 250 1.81156e-17 1060.66
1750 300 1.85953e-17 1025.91
1750 350 1.90831e-17 992.472
1750 400 1.95799e-17 960.469
1750 450 2.00772e-17 930.054
1750 500 2.05712e-17 901.388
1800 50 1.59917e-17 1241.97
1800 100 1.63876e-17 1204.16
1800 550 2.02837e-17 917.878
1800 600 2.06948e-17 894.427
1800 650 2.10838e-17 873.212
1800 700 2.14449e-17 854.4
1800 750 2.17676e-17 838.153
1800 800 2.20425e-17 824.621
1800 850 2.22633e-17 813.941
1800 900 2.24262e-17 806.226
1800 950 2.25269e-17 801.561
1800 1000 2.25607e-17 800
1800 150 1.67967e-17 1167.26
1800 1050 2.25269e-17 801.561
1800 1100 2.24262e-17 806.226
1800 1150 2.22633e-17 813.941
1800 1200 2.20425e-17 824.621
1800 1250 2.17676e-17 838.153
1800 1300 2.14449e-17 854.4
1800 1350 2.10838e-17 873.212
1800 1400 2.06948e-17 894.427
1800 1450 2.02837e-17 917.878
1800 1500 1.98554e-17 943.398
1800 200 1.72142e-17 1131.37
1800 1550 1.9415e-17 970.824
1800 1600 1.89713e-17 1000
1800 1650 1.85266e-17 1030.78
1800 1700 1.80828e-17 1063.01
1800 1750 1.76468e-17 1096.59
1800 1800 1.72142e-17 1131.37
1800 1850 1.67967e-17 1167.26
1800 1900 1.63876e-17 1204.16
1800 250 1.76468e-17 1096.59
1800 300 1.80828e-17 1063.01
1800 350 1.85266e-17 1030.78
1800 400 1.89713e-17 1000
1800 450 1.9415e-17 970.824
1800 500 1.98554e-17 943.398
1850 50 1.56645e-17 1274.75
1850 100 1.60313e-17 1237.94
1850 550 1.95617e-17 961.769
1850 600 1.99206e-17 939.415
1850 650 2.02563e-17 919.239
1850 700 2.0571e-17 901.388
1850 750 2.08495e-17 886.002
1850 800 2.10843e-17 873.212
1850 850 2.1273e-17 863.134
1850 900 2.14138e-17 855.862
1850 950 2.15009e-17 851.469
1850 1000 2.15276e-17 850
1850 150 1.64144e-17 1202.08
1850 1050 2.15009e-17 851.469
1850 1100 2.14138e-17 855.862
1850 1150 2.1273e-17 863.134
1850 1200 2.10843e-17 873.212
1850 1250 2.08495e-17 886.002
1850 1300 2.0571e-17 901.388
1850 1350 2.02563e-17 919.239
1850 1400 1.99206e-17 939.415
1850 1450 1.95617e-17 961.769
1850 1500 1.91762e-17 986.154
1850 200 1.67967e-17 1167.26
1850 1550 1.87868e-17 1012.42
1850 1600 1.83945e-17 1040.43
1850 1650 1.79869e-17 1070.05
1850 1700 1.75886e-17 1101.14
1850 1750 1.71934e-17 1133.58
1850 1800 1.67967e-17 1167.26
1850 1850 1.64144e-17 1202.08
1850 1900 1.60313e-17 1237.94
1850 250 1.71934e-17 1133.58
1850 300 1.75886e-17 1101.14
1850 350 1.79869e-17 1070.05
1850 400 1.83945e-17 1040.43
1850 450 1.87868e-17 1012.42
1850 500 1.91762e-17 986.154
1900 50 1.5337e-17 1308.63
1900 100 1.56835e-17 1272.79
1900 550 1.88757e-17 1006.23
1900 600 1.91985e-17 984.886
1900 650 1.94984e-17 965.66
1900 700 1.9767e-17 948.683
1900 750 2.0006e-17 934.077
1900 800 2.02115e-17 921.954
1900 850 2.03766e-17 912.414
1900 900 2.04996e-17 905.539
1900 950 2.05719e-17 901.388
1900 1000 2.05973e-17 900
1900 150 1.60313e-17 1237.94
1900 1050 2.05719e-17 901.388
1900 1100 2.04996e-17 905.539
1900 1150 2.03766e-17 912.414
1900 1200 2.02115e-17 921.954
1900 1250 2.0006e-17 934.077
1900 1300 1.9767e-17 948.683
1900 1350 1.94984e-17 965.66
1900 1400 1.91985e-17 984.886
1900 1450 1.88757e-17 1006.23
1900 1500 1.85452e-17 1029.56
1900 200 1.63876e-17 1204.16
1900 1550 1.81949e-17 1054.75
1900 1600 1.78346e-17 1081.67
1900 1650 1.74782e-17 1110.18
1900 1700 1.71112e-17 1140.18
1900 1750 1.67475e-17 1171.54
1900 1800 1.63876e-17 1204.16
1900 1850 1.60313e-17 1237.94
1900 1900 1.56835e-17 1272.79
1900 250 1.67475e-17 1171.54
1900 300 1.71112e-17 1140.18
1900 350 1.74782e-17 1110.18
1900 400 1.78346e-17 1081.67
1900 450 1.81949e-17 1054.75
1900 500 1.85452e-17 1029.56
200 50 1.59917e-17 1241.97
200 100 1.63876e-17 1204.16
200 550 2.02837e-17 917.878
200 600 2.06948e-17 894.427
200 650 2.10838e-17 873.212
200 700 2.14449e-17 854.4
200 750 2.17676e-17 838.153
200 800 2.20425e-17 824.621
200 850 2.22633e-17 813.941
200 900 2.24262e-17 806.226
200 950 2.25269e-17 801.561
200 1000 2.25607e-17 800
200 150 1.67967e-17 1167.26
200 1050 2.25269e-17 801.561
200 1100 2.24262e-17 806.226
200 1150 2.22633e-17 813.941
200 1200 2.20425e-17 824.621
200 1250 2.17676e-17 838.153
200 1300 2.14449e-17 854.4
200 1350 2.10838e-17 873.212
200 1400 2.06948e-17 894.427
200 1450 2.02837e-17 917.878
200 1500 1.98554e-17 943.398
200 200 1.72142e-17 1131.37
200 1550 1.9415e-17 970.824
200 1600 1.89713e-17 1000
200 1650 1.85266e-17 1030.78
200 1700 1.80828e-17 1063.01
200 1750 1.76468e-17 1096.59
200 1800 1.72142e-17 1131.37
200 1850 1.67967e-17 1167.26
200 1900 1.63876e-17 1204.16
200 250 1.76468e-17 1096.59
200 300 1.80828e-17 1063.01
200 350 1.85266e-17 1030.78
200 400 1.89713e-17 1000
200 450 1.9415e-17 970.824
200 500 1.98554e-17 943.398
250 50 1.63208e-17 1210.37
250 100 1.67475e-17 1171.54
250 550 2.10576e-17 874.643
250 600 2.15317e-17 850
250 650 2.19806e-17 827.647
250 700 2.23955e-17 807.775
250 750 2.27686e-17 790.569
250 800 2.30927e-17 776.209
250 850 2.33574e-17 764.853
250 900 2.35533e-17 756.637
250 950 2.36737e-17 751.665
250 1000 2.37143e-17 750
250 150 1.71934e-17 1133.58
250 1050 2.36737e-17 751.665
250 1100 2.35533e-17 756.637
250 1150 2.33574e-17 764.853
250 1200 2.30927e-17 776.209
250 1250 2.27686e-17 790.569
250 1300 2.23955e-17 807.775
250 1350 2.19806e-17 827.647
250 1400 2.15317e-17 850
250 1450 2.10576e-17 874.643
250 1500 2.05712e-17 901.388
250 200 1.76468e-17 1096.59
250 1550 2.00772e-17 930.054
250 1600 1.95799e-17 960.469
250 1650 1.90831e-17 992.472
250 1700 1.85953e-17 1025.91
250 1750 1.81156e-17 1060.66
250 1800 1.76468e-17 1096.59
250 1850 1.71934e-17 1133.58
250 1900 1.67475e-17 1171.54
250 250 1.81156e-17 1060.66
250 300 1.85953e-17 1025.91
250 350 1.90831e-17 992.472
250 400 1.95799e-17 960.469
250 450 2.00772e-17 930.054
250 500 2.05712e-17 901.388
300 50 1.66528e-17 1180.04
300 100 1.71112e-17 1140.18
300 550 2.18887e-17 832.166
300 600 2.2429e-17 806.226
300 650 2.29468e-17 782.624
300 700 2.34358e-17 761.577
300 750 2.388e-17 743.303
300 800 2.42642e-17 728.011
300 850 2.45767e-17 715.891
300 900 2.48074e-17 707.107
300 950 2.49489e-17 701.783
300 1000 2.49967e-17 700
300 150 1.75886e-17 1101.14
300 1050 2.49489e-17 701.783
300 1100 2.48074e-17 707.107
300 1150 2.45767e-17 715.891
300 1200 2.42642e-17 728.011
300 1250 2.388e-17 743.303
300 1300 2.34358e-17 761.577
300 1350 2.29468e-17 782.624
300 1400 2.2429e-17 806.226
300 1450 2.18887e-17 832.166
300 1500 2.13319e-17 860.233
300 200 1.80828e-17 1063.01
300 1550 2.07714e-17 890.225
300 1600 2.02146e-17 921.954
300 1650 1.96627e-17 955.249
300 1700 1.91217e-17 989.949
300 1750 1.85953e-17 1025.91
300 1800 1.80828e-17 1063.01
300 1850 1.75886e-17 1101.14
300 1900 1.71112e-17 1140.18
300 250 1.85953e-17 1025.91
300 300 1.91217e-17 989.949
300 350 1.96627e-17 955.249
300 400 2.02146e-17 921.954
300 450 2.07714e-17 890.225
300 500 2.13319e-17 860.233
350 50 1.6985e-17 1151.09
350 100 1.74782e-17 1110.18
350 550 2.27688e-17 790.569
350 600 2.33987e-17 763.217
350 650 2.40073e-17 738.241
350 700 2.45772e-17 715.891
350 750 2.5094e-17 696.419
350 800 2.55534e-17 680.074
350 850 2.59359e-17 667.083
350 900 2.62238e-17 657.647
350 950 2.64021e-17 651.92
350 1000 2.64624e-17 650
350 150 1.79869e-17 1070.05
350 1050 2.64021e-17 651.92
350 1100 2.62238e-17 657.647
350 1150 2.59359e-17 667.083
350 1200 2.55534e-17 680.074
350 1250 2.5094e-17 696.419
350 1300 2.45772e-17 715.891
350 1350 2.40073e-17 738.241
350 1400 2.33987e-17 763.217
350 1450 2.27688e-17 790.569
350 1500 2.21372e-17 820.061
350 200 1.85266e-17 1030.78
350 1550 2.15028e-17 851.469
350 1600 2.08742e-17 884.59
350 1650 2.02608e-17 919.239
350 1700 1.96627e-17 955.249
350 1750 1.90831e-17 992.472
350 1800 1.85266e-17 1030.78
350 1850 1.79869e-17 1070.05
350 1900 1.74782e-17 1110.18
350 250 1.90831e-17 992.472
350 300 1.96627e-17 955.249
350 350 2.02608e-17 919.239
350 400 2.08742e-17 884.59
350 450 2.15028e-17 851.469
350 500 2.21372e-17 820.061
400 50 1.73109e-17 1123.61
400 100 1.78346e-17 1081.67
400 550 2.37152e-17 750
400 600 2.44445e-17 721.11
400 650 2.51447e-17 694.622
400 700 2.5824e-17 670.82
400 750 2.64639e-17 650
400 800 2.70249e-17 632.456
400 850 2.74803e-17 618.466
400 900 2.78225e-17 608.276
400 950 2.80332e-17 602.08
400 1000 2.81043e-17 600
400 150 1.83945e-17 1040.43
400 1050 2.80332e-17 602.08
400 1100 2.78225e-17 608.276
400 1150 2.74803e-17 618.466
400 1200 2.70249e-17 632.456
400 1250 2.64639e-17 650
400 1300 2.5824e-17 670.82
400 1350 2.51447e-17 694.622
400 1400 2.44445e-17 721.11
400 1450 2.37152e-17 750
400 1500 2.29838e-17 781.025
400 200 1.89713e-17 1000
400 1550 2.22657e-17 813.941
400 1600 2.15607e-17 848.528
400 1650 2.08742e-17 884.59
400 1700 2.02146e-17 921.954
400 1750 1.95799e-17 960.469
400 1800 1.89713e-17 1000
400 1850 1.83945e-17 1040.43
400 1900 1.78346e-17 1081.67
400 250 1.95799e-17 960.469
400 300 2.02146e-17 921.954
400 350 2.08742e-17 884.59
400 400 2.15607e-17 848.528
400 450 2.22657e-17 813.941
400 500 2.29838e-17 781.025
450 50 1.76316e-17 1097.72
450 100 1.81949e-17 1054.75
450 550 2.47135e-17 710.634
450 600 2.55572e-17 680.074
450 650 2.64004e-17 651.92
450 700 2.72214e-17 626.498
450 750 2.79607e-17 604.152
450 800 2.86297e-17 585.235
450 850 2.92131e-17 570.088
450 900 2.96606e-17 559.017
450 950 2.99396e-17 552.268
450 1000 3.00345e-17 550
450 150 1.87868e-17 1012.42
450 1050 2.99396e-17 552.268
450 1100 2.96606e-17 559.017
450 1150 2.92131e-17 570.088
450 1200 2.86297e-17 585.235
450 1250 2.79607e-17 604.152
450 1300 2.72214e-17 626.498
450 1350 2.64004e-17 651.92
450 1400 2.55572e-17 680.074
450 1450 2.47135e-17 710.634
450 1500 2.38819e-17 743.303
450 200 1.9415e-17 970.824
450 1550 2.30568e-17 777.817
450 1600 2.22657e-17 813.941
450 1650 2.15028e-17 851.469
450 1700 2.07714e-17 890.225
450 1750 2.00772e-17 930.054
450 1800 1.9415e-17 970.824
450 1850 1.87868e-17 1012.42
450 1900 1.81949e-17 1054.75
450 250 2.00772e-17 930.054
450 300 2.07714e-17 890.225
450 350 2.15028e-17 851.469
450 400 2.22657e-17 813.941
450 450 2.30568e-17 777.817
450 500 2.38819e-17 743.303
500 50 1.79432e-17 1073.55
500 100 1.85452e-17 1029.56
500 550 2.57688e-17 672.681
500 600 2.67706e-17 640.312
500 650 2.77529e-17 610.328
500 700 2.87107e-17 583.095
500 750 2.96613e-17 559.017
500 800 3.05265e-17 538.516
500 850 3.12536e-17 522.015
500 900 3.17877e-17 509.902
500 950 3.21158e-17 502.494
500 1000 3.22279e-17 500
500 150 1.91762e-17 986.154
500 1050 3.21158e-17 502.494
500 1100 3.17877e-17 509.902
500 1150 3.12536e-17 522.015
500 1200 3.05265e-17 538.516
500 1250 2.96613e-17 559.017
500 1300 2.87107e-17 583.095
500 1350 2.77529e-17 610.328
500 1400 2.67706e-17 640.312
500 1450 2.57688e-17 672.681
500 1500 2.48114e-17 707.107
500 200 1.98554e-17 943.398
500 1550 2.38819e-17 743.303
500 1600 2.29838e-17 781.025
500 1650 2.21372e-17 820.061
500 1700 2.13319e-17 860.233
500 1750 2.05712e-17 901.388
500 1800 1.98554e-17 943.398
500 1850 1.91762e-17 986.154
500 1900 1.85452e-17 1029.56
500 250 2.05712e-17 901.388
500 300 2.13319e-17 860.233
500 350 2.21372e-17 820.061
500 400 2.29838e-17 781.025
500 450 2.38819e-17 743.303
500 500 2.48114e-17 707.107
