2000 3592.7 2333.23 100000 90000 0 1000 2.3e+06 300000 0
2000 3592.7 2333.23 90000 80000 0 1000 2.3e+06 300000 0
2000 3592.7 2333.23 80000 70000 0 2000 2.3e+06 300000 0
2000 3592.7 2333.23 70000 60000 0 3000 2.3e+06 300000 0
2000 3592.7 2333.23 60000 50000 0 5000 2.3e+06 300000 0
2000 3592.7 2333.23 50000 40000 0 6000 2.3e+06 300000 0
2000 3592.7 2333.23 40000 30000 0 8000 2.3e+06 300000 0
2000 3592.7 2333.23 30000 20000 0 9000 2.3e+06 300000 0
2000 3592.7 2333.23 20000 10000 0 10000 2.3e+06 300000 0
2000 3592.7 2333.23 10000 0 0 10000 2.3e+06 300000 0
