# vs/dvs vp/dvp rho/drho Rmax Rmin z0 H x y dtype(0: m, 1: dm)
2000 3592.7 2333.23 200000 190000 0 1000 1.1e+06 300000 0
2000 3592.7 2333.23 190000 180000 0 1000 1.1e+06 300000 0
2000 3592.7 2333.23 180000 170000 0 1000 1.1e+06 300000 0
2000 3592.7 2333.23 170000 160000 0 1000 1.1e+06 300000 0
2000 3592.7 2333.23 160000 150000 0 1000 1.1e+06 300000 0
2000 3592.7 2333.23 150000 140000 0 1000 1.1e+06 300000 0
2000 3592.7 2333.23 140000 130000 0 1000 1.1e+06 300000 0
2000 3592.7 2333.23 130000 120000 0 2000 1.1e+06 300000 0
2000 3592.7 2333.23 120000 110000 0 2000 1.1e+06 300000 0
2000 3592.7 2333.23 110000 100000 0 2000 1.1e+06 300000 0
2000 3592.7 2333.23 100000 90000 0 3000 1.1e+06 300000 0
2000 3592.7 2333.23 90000 80000 0 3000 1.1e+06 300000 0
2000 3592.7 2333.23 80000 70000 0 3000 1.1e+06 300000 0
2000 3592.7 2333.23 70000 60000 0 4000 1.1e+06 300000 0
2000 3592.7 2333.23 60000 50000 0 4000 1.1e+06 300000 0
2000 3592.7 2333.23 50000 40000 0 4000 1.1e+06 300000 0
2000 3592.7 2333.23 40000 30000 0 4000 1.1e+06 300000 0
2000 3592.7 2333.23 30000 20000 0 4000 1.1e+06 300000 0
2000 3592.7 2333.23 20000 10000 0 4000 1.1e+06 300000 0
2000 3592.7 2333.23 10000 0 0 4000 1.1e+06 300000 0
