50 50 450.114 1343.5
50 100 437.983 1308.63
50 550 351.301 1051.19
50 600 344.42 1030.78
50 650 338.233 1012.42
50 700 332.785 996.243
50 750 328.1 982.344
50 800 324.22 970.824
50 850 321.169 961.769
50 900 318.973 955.249
50 950 317.65 951.315
50 1000 317.209 950
50 150 426.109 1274.75
50 1050 317.65 951.315
50 1100 318.973 955.249
50 1150 321.169 961.769
50 1200 324.22 970.824
50 1250 328.1 982.344
50 1300 332.785 996.243
50 1350 338.233 1012.42
50 1400 344.42 1030.78
50 1450 351.301 1051.19
50 1500 358.854 1073.55
50 200 415.08 1241.97
50 1550 367.037 1097.72
50 1600 375.773 1123.61
50 1650 385.005 1151.09
50 1700 394.639 1180.04
50 1750 404.658 1210.37
50 1800 415.08 1241.97
50 1850 426.109 1274.75
50 1900 437.983 1308.63
50 250 404.658 1210.37
50 300 394.639 1180.04
50 350 385.005 1151.09
50 400 375.773 1123.61
50 450 367.037 1097.72
50 500 358.854 1073.55
550 50 351.301 1051.19
550 100 336.089 1006.23
550 550 212.695 636.396
550 600 200.817 602.08
550 650 189.48 570.088
550 700 179.507 540.833
550 750 171.402 514.782
550 800 164.947 492.443
550 850 159.724 474.342
550 900 155.682 460.977
550 950 153.075 452.769
550 1000 152.176 450
550 150 321.145 961.769
550 1050 153.075 452.769
550 1100 155.682 460.977
550 1150 159.724 474.342
550 1200 164.947 492.443
550 1250 171.402 514.782
550 1300 179.507 540.833
550 1350 189.48 570.088
550 1400 200.817 602.08
550 1450 212.695 636.396
550 1500 224.801 672.681
550 200 306.487 917.878
550 1550 237.53 710.634
550 1600 250.967 750
550 1650 264.628 790.569
550 1700 278.328 832.166
550 1750 292.206 874.643
550 1800 306.487 917.878
550 1850 321.145 961.769
550 1900 336.089 1006.23
550 250 292.206 874.643
550 300 278.328 832.166
550 350 264.628 790.569
550 400 250.967 750
550 450 237.53 710.634
550 500 224.801 672.681
600 50 344.42 1030.78
600 100 328.895 984.886
600 550 200.817 602.08
600 600 187.939 565.685
600 650 176.512 531.507
600 700 167.106 500
600 750 158.945 471.699
600 800 151.25 447.214
600 850 144.278 427.2
600 900 138.753 412.311
600 950 135.269 403.113
600 1000 134.086 400
600 150 313.654 939.415
600 1050 135.269 403.113
600 1100 138.753 412.311
600 1150 144.278 427.2
600 1200 151.25 447.214
600 1250 158.945 471.699
600 1300 167.106 500
600 1350 176.512 531.507
600 1400 187.939 565.685
600 1450 200.817 602.08
600 1500 214.021 640.312
600 200 298.718 894.427
600 1550 227.253 680.074
600 1600 241.1 721.11
600 1650 255.453 763.217
600 1700 269.814 806.226
600 1750 284.156 850
600 1800 298.718 894.427
600 1850 313.654 939.415
600 1900 328.895 984.886
600 250 284.156 850
600 300 269.814 806.226
600 350 255.453 763.217
600 400 241.1 721.11
600 450 227.253 680.074
600 500 214.021 640.312
650 50 338.233 1012.42
650 100 322.426 965.66
650 550 189.48 570.088
650 600 176.512 531.507
650 650 165.672 494.975
650 700 155.681 460.977
650 750 145.33 430.116
650 800 135.269 403.113
650 850 126.859 380.789
650 900 120.857 364.005
650 950 117.348 353.553
650 1000 116.198 350
650 150 306.914 919.239
650 1050 117.348 353.553
650 1100 120.857 364.005
650 1150 126.859 380.789
650 1200 135.269 403.113
650 1250 145.33 430.116
650 1300 155.681 460.977
650 1350 165.672 494.975
650 1400 176.512 531.507
650 1450 189.48 570.088
650 1500 203.718 610.328
650 200 291.751 873.212
650 1550 217.908 651.92
650 1600 232.119 694.622
650 1650 246.951 738.241
650 1700 261.976 782.624
650 1750 276.85 827.647
650 1800 291.751 873.212
650 1850 306.914 919.239
650 1900 322.426 965.66
650 250 276.85 827.647
650 300 261.976 782.624
650 350 246.951 738.241
650 400 232.119 694.622
650 450 217.908 651.92
650 500 203.718 610.328
700 50 332.785 996.243
700 100 316.711 948.683
700 550 179.507 540.833
700 600 167.106 500
700 650 155.681 460.977
700 700 143.204 424.264
700 750 130.488 390.512
700 800 119.674 360.555
700 850 111.708 335.41
700 900 106.131 316.228
700 950 102.556 304.138
700 1000 101.286 300
700 150 300.995 901.388
700 1050 102.556 304.138
700 1100 106.131 316.228
700 1150 111.708 335.41
700 1200 119.674 360.555
700 1250 130.488 390.512
700 1300 143.204 424.264
700 1350 155.681 460.977
700 1400 167.106 500
700 1450 179.507 540.833
700 1500 194.083 583.095
700 200 285.594 854.4
700 1550 209.326 626.498
700 1600 224.183 670.82
700 1650 239.319 715.891
700 1700 254.894 761.577
700 1750 270.321 807.775
700 1800 285.594 854.4
700 1850 300.995 901.388
700 1900 316.711 948.683
700 250 270.321 807.775
700 300 254.894 761.577
700 350 239.319 715.891
700 400 224.183 670.82
700 450 209.326 626.498
700 500 194.083 583.095
750 50 328.1 982.344
750 100 311.812 934.077
750 550 171.402 514.782
750 600 158.945 471.699
750 650 145.33 430.116
750 700 130.488 390.512
750 750 117.348 353.553
750 800 107.266 320.156
750 850 98.5695 291.548
750 900 90.4614 269.258
750 950 84.6932 254.951
750 1000 82.6582 250
750 150 295.922 886.002
750 1050 84.6932 254.951
750 1100 90.4614 269.258
750 1150 98.5695 291.548
750 1200 107.266 320.156
750 1250 117.348 353.553
750 1300 130.488 390.512
750 1350 145.33 430.116
750 1400 158.945 471.699
750 1450 171.402 514.782
750 1500 185.623 559.017
750 200 280.283 838.153
750 1550 201.548 604.152
750 1600 217.266 650
750 1650 232.725 696.419
750 1700 248.68 743.303
750 1750 264.618 790.569
750 1800 280.283 838.153
750 1850 295.922 886.002
750 1900 311.812 934.077
750 250 264.618 790.569
750 300 248.68 743.303
750 350 232.725 696.419
750 400 217.266 650
750 450 201.548 604.152
750 500 185.623 559.017
800 50 324.22 970.824
800 100 307.757 921.954
800 550 164.947 492.443
800 600 151.25 447.214
800 650 135.269 403.113
800 700 119.674 360.555
800 750 107.266 320.156
800 800 95.568 282.843
800 850 82.6584 250
800 900 72.1928 223.607
800 950 66.0757 206.155
800 1000 64.1037 200
800 150 291.73 873.212
800 1050 66.0757 206.155
800 1100 72.1928 223.607
800 1150 82.6584 250
800 1200 95.568 282.843
800 1250 107.266 320.156
800 1300 119.674 360.555
800 1350 135.269 403.113
800 1400 151.25 447.214
800 1450 164.947 492.443
800 1500 178.749 538.516
800 200 275.85 824.621
800 1550 194.841 585.235
800 1600 211.356 632.456
800 1650 227.257 680.074
800 1700 243.455 728.011
800 1750 259.818 776.209
800 1800 275.85 824.621
800 1850 291.73 873.212
800 1900 307.757 921.954
800 250 259.818 776.209
800 300 243.455 728.011
800 350 227.257 680.074
800 400 211.356 632.456
800 450 194.841 585.235
800 500 178.749 538.516
850 50 321.169 961.769
850 100 304.583 912.414
850 550 159.724 474.342
850 600 144.278 427.2
850 650 126.859 380.789
850 700 111.708 335.41
850 750 98.5695 291.548
850 800 82.6584 250
850 850 68.0861 212.132
850 900 58.4081 180.278
850 950 52.84 158.114
850 1000 50.8445 150
850 150 288.437 863.134
850 1050 52.84 158.114
850 1100 58.4081 180.278
850 1150 68.0861 212.132
850 1200 82.6584 250
850 1250 98.5695 291.548
850 1300 111.708 335.41
850 1350 126.859 380.789
850 1400 144.278 427.2
850 1450 159.724 474.342
850 1500 173.574 522.015
850 200 272.342 813.941
850 1550 189.479 570.088
850 1600 206.556 618.466
850 1650 222.943 667.083
850 1700 239.318 715.891
850 1750 255.995 764.853
850 1800 272.342 813.941
850 1850 288.437 863.134
850 1900 304.583 912.414
850 250 255.995 764.853
850 300 239.318 715.891
850 350 222.943 667.083
850 400 206.556 618.466
850 450 189.479 570.088
850 500 173.574 522.015
900 50 318.973 955.249
900 100 302.303 905.539
900 550 155.682 460.977
900 600 138.753 412.311
900 650 120.857 364.005
900 700 106.131 316.228
900 750 90.4614 269.258
900 800 72.1928 223.607
900 850 58.4081 180.278
900 900 48.6294 141.421
900 950 39.3998 111.803
900 1000 35.2752 100
900 150 286.067 855.862
900 1050 39.3998 111.803
900 1100 48.6294 141.421
900 1150 58.4081 180.278
900 1200 72.1928 223.607
900 1250 90.4614 269.258
900 1300 106.131 316.228
900 1350 120.857 364.005
900 1400 138.753 412.311
900 1450 155.682 460.977
900 1500 169.965 509.902
900 200 269.801 806.226
900 1550 185.624 559.017
900 1600 203 608.276
900 1650 219.812 657.647
900 1700 236.336 707.107
900 1750 253.213 756.637
900 1800 269.801 806.226
900 1850 286.067 855.862
900 1900 302.303 905.539
900 250 253.213 756.637
900 300 236.336 707.107
900 350 219.812 657.647
900 400 203 608.276
900 450 185.624 559.017
900 500 169.965 509.902
950 50 317.65 951.315
950 100 300.931 901.388
950 550 153.075 452.769
950 600 135.269 403.113
950 650 117.348 353.553
950 700 102.556 304.138
950 750 84.6932 254.951
950 800 66.0757 206.155
950 850 52.84 158.114
950 900 39.3998 111.803
950 950 25.3668 70.7107
950 1000 18.7799 50
950 150 284.636 851.469
950 1050 25.3668 70.7107
950 1100 39.3998 111.803
950 1150 52.84 158.114
950 1200 66.0757 206.155
950 1250 84.6932 254.951
950 1300 102.556 304.138
950 1350 117.348 353.553
950 1400 135.269 403.113
950 1450 153.075 452.769
950 1500 167.824 502.494
950 200 268.261 801.561
950 1550 183.318 552.268
950 1600 200.819 602.08
950 1650 217.908 651.92
950 1700 234.533 701.783
950 1750 251.526 751.665
950 1800 268.261 801.561
950 1850 284.636 851.469
950 1900 300.931 901.388
950 250 251.526 751.665
950 300 234.533 701.783
950 350 217.908 651.92
950 400 200.819 602.08
950 450 183.318 552.268
950 500 167.824 502.494
1000 50 317.209 950
1000 100 300.472 900
1000 550 152.176 450
1000 600 134.086 400
1000 650 116.198 350
1000 700 101.286 300
1000 750 82.6582 250
1000 800 64.1037 200
1000 850 50.8445 150
1000 900 35.2752 100
1000 950 18.7799 50
1000 150 284.159 850
1000 1050 18.7799 50
1000 1100 35.2752 100
1000 1150 50.8445 150
1000 1200 64.1037 200
1000 1250 82.6582 250
1000 1300 101.286 300
1000 1350 116.198 350
1000 1400 134.086 400
1000 1450 152.176 450
1000 1500 167.109 500
1000 200 267.743 800
1000 1550 182.55 550
1000 1600 200.088 600
1000 1650 217.267 650
1000 1700 233.93 700
1000 1750 250.961 750
1000 1800 267.743 800
1000 1850 284.159 850
1000 1900 300.472 900
1000 250 250.961 750
1000 300 233.93 700
1000 350 217.267 650
1000 400 200.088 600
1000 450 182.55 550
1000 500 167.109 500
100 50 437.983 1308.63
100 100 425.473 1272.79
100 550 336.089 1006.23
100 600 328.895 984.886
100 650 322.426 965.66
100 700 316.711 948.683
100 750 311.812 934.077
100 800 307.757 921.954
100 850 304.583 912.414
100 900 302.303 905.539
100 950 300.931 901.388
100 1000 300.472 900
100 150 413.764 1237.94
100 1050 300.931 901.388
100 1100 302.303 905.539
100 1150 304.583 912.414
100 1200 307.757 921.954
100 1250 311.812 934.077
100 1300 316.711 948.683
100 1350 322.426 965.66
100 1400 328.895 984.886
100 1450 336.089 1006.23
100 1500 343.956 1029.56
100 200 402.557 1204.16
100 1550 352.462 1054.75
100 1600 361.572 1081.67
100 1650 371.218 1110.18
100 1700 381.306 1140.18
100 1750 391.767 1171.54
100 1800 402.557 1204.16
100 1850 413.764 1237.94
100 1900 425.473 1272.79
100 250 391.767 1171.54
100 300 381.306 1140.18
100 350 371.218 1110.18
100 400 361.572 1081.67
100 450 352.462 1054.75
100 500 343.956 1029.56
1050 50 317.65 951.315
1050 100 300.931 901.388
1050 550 153.075 452.769
1050 600 135.269 403.113
1050 650 117.348 353.553
1050 700 102.556 304.138
1050 750 84.6932 254.951
1050 800 66.0757 206.155
1050 850 52.84 158.114
1050 900 39.3998 111.803
1050 950 25.3668 70.7107
1050 1000 18.7799 50
1050 150 284.636 851.469
1050 1050 25.3668 70.7107
1050 1100 39.3998 111.803
1050 1150 52.84 158.114
1050 1200 66.0757 206.155
1050 1250 84.6932 254.951
1050 1300 102.556 304.138
1050 1350 117.348 353.553
1050 1400 135.269 403.113
1050 1450 153.075 452.769
1050 1500 167.824 502.494
1050 200 268.261 801.561
1050 1550 183.318 552.268
1050 1600 200.819 602.08
1050 1650 217.908 651.92
1050 1700 234.533 701.783
1050 1750 251.526 751.665
1050 1800 268.261 801.561
1050 1850 284.636 851.469
1050 1900 300.931 901.388
1050 250 251.526 751.665
1050 300 234.533 701.783
1050 350 217.908 651.92
1050 400 200.819 602.08
1050 450 183.318 552.268
1050 500 167.824 502.494
1100 50 318.973 955.249
1100 100 302.303 905.539
1100 550 155.682 460.977
1100 600 138.753 412.311
1100 650 120.857 364.005
1100 700 106.131 316.228
1100 750 90.4614 269.258
1100 800 72.1928 223.607
1100 850 58.4081 180.278
1100 900 48.6294 141.421
1100 950 39.3998 111.803
1100 1000 35.2752 100
1100 150 286.067 855.862
1100 1050 39.3998 111.803
1100 1100 48.6294 141.421
1100 1150 58.4081 180.278
1100 1200 72.1928 223.607
1100 1250 90.4614 269.258
1100 1300 106.131 316.228
1100 1350 120.857 364.005
1100 1400 138.753 412.311
1100 1450 155.682 460.977
1100 1500 169.965 509.902
1100 200 269.801 806.226
1100 1550 185.624 559.017
1100 1600 203 608.276
1100 1650 219.812 657.647
1100 1700 236.336 707.107
1100 1750 253.213 756.637
1100 1800 269.801 806.226
1100 1850 286.067 855.862
1100 1900 302.303 905.539
1100 250 253.213 756.637
1100 300 236.336 707.107
1100 350 219.812 657.647
1100 400 203 608.276
1100 450 185.624 559.017
1100 500 169.965 509.902
1150 50 321.169 961.769
1150 100 304.583 912.414
1150 550 159.724 474.342
1150 600 144.278 427.2
1150 650 126.859 380.789
1150 700 111.708 335.41
1150 750 98.5695 291.548
1150 800 82.6584 250
1150 850 68.0861 212.132
1150 900 58.4081 180.278
1150 950 52.84 158.114
1150 1000 50.8445 150
1150 150 288.437 863.134
1150 1050 52.84 158.114
1150 1100 58.4081 180.278
1150 1150 68.0861 212.132
1150 1200 82.6584 250
1150 1250 98.5695 291.548
1150 1300 111.708 335.41
1150 1350 126.859 380.789
1150 1400 144.278 427.2
1150 1450 159.724 474.342
1150 1500 173.574 522.015
1150 200 272.342 813.941
1150 1550 189.479 570.088
1150 1600 206.556 618.466
1150 1650 222.943 667.083
1150 1700 239.318 715.891
1150 1750 255.995 764.853
1150 1800 272.342 813.941
1150 1850 288.437 863.134
1150 1900 304.583 912.414
1150 250 255.995 764.853
1150 300 239.318 715.891
1150 350 222.943 667.083
1150 400 206.556 618.466
1150 450 189.479 570.088
1150 500 173.574 522.015
1200 50 324.22 970.824
1200 100 307.757 921.954
1200 550 164.947 492.443
1200 600 151.25 447.214
1200 650 135.269 403.113
1200 700 119.674 360.555
1200 750 107.266 320.156
1200 800 95.568 282.843
1200 850 82.6584 250
1200 900 72.1928 223.607
1200 950 66.0757 206.155
1200 1000 64.1037 200
1200 150 291.73 873.212
1200 1050 66.0757 206.155
1200 1100 72.1928 223.607
1200 1150 82.6584 250
1200 1200 95.568 282.843
1200 1250 107.266 320.156
1200 1300 119.674 360.555
1200 1350 135.269 403.113
1200 1400 151.25 447.214
1200 1450 164.947 492.443
1200 1500 178.749 538.516
1200 200 275.85 824.621
1200 1550 194.841 585.235
1200 1600 211.356 632.456
1200 1650 227.257 680.074
1200 1700 243.455 728.011
1200 1750 259.818 776.209
1200 1800 275.85 824.621
1200 1850 291.73 873.212
1200 1900 307.757 921.954
1200 250 259.818 776.209
1200 300 243.455 728.011
1200 350 227.257 680.074
1200 400 211.356 632.456
1200 450 194.841 585.235
1200 500 178.749 538.516
1250 50 328.1 982.344
1250 100 311.812 934.077
1250 550 171.402 514.782
1250 600 158.945 471.699
1250 650 145.33 430.116
1250 700 130.488 390.512
1250 750 117.348 353.553
1250 800 107.266 320.156
1250 850 98.5695 291.548
1250 900 90.4614 269.258
1250 950 84.6932 254.951
1250 1000 82.6582 250
1250 150 295.922 886.002
1250 1050 84.6932 254.951
1250 1100 90.4614 269.258
1250 1150 98.5695 291.548
1250 1200 107.266 320.156
1250 1250 117.348 353.553
1250 1300 130.488 390.512
1250 1350 145.33 430.116
1250 1400 158.945 471.699
1250 1450 171.402 514.782
1250 1500 185.623 559.017
1250 200 280.283 838.153
1250 1550 201.548 604.152
1250 1600 217.266 650
1250 1650 232.725 696.419
1250 1700 248.68 743.303
1250 1750 264.618 790.569
1250 1800 280.283 838.153
1250 1850 295.922 886.002
1250 1900 311.812 934.077
1250 250 264.618 790.569
1250 300 248.68 743.303
1250 350 232.725 696.419
1250 400 217.266 650
1250 450 201.548 604.152
1250 500 185.623 559.017
1300 50 332.785 996.243
1300 100 316.711 948.683
1300 550 179.507 540.833
1300 600 167.106 500
1300 650 155.681 460.977
1300 700 143.204 424.264
1300 750 130.488 390.512
1300 800 119.674 360.555
1300 850 111.708 335.41
1300 900 106.131 316.228
1300 950 102.556 304.138
1300 1000 101.286 300
1300 150 300.995 901.388
1300 1050 102.556 304.138
1300 1100 106.131 316.228
1300 1150 111.708 335.41
1300 1200 119.674 360.555
1300 1250 130.488 390.512
1300 1300 143.204 424.264
1300 1350 155.681 460.977
1300 1400 167.106 500
1300 1450 179.507 540.833
1300 1500 194.083 583.095
1300 200 285.594 854.4
1300 1550 209.326 626.498
1300 1600 224.183 670.82
1300 1650 239.319 715.891
1300 1700 254.894 761.577
1300 1750 270.321 807.775
1300 1800 285.594 854.4
1300 1850 300.995 901.388
1300 1900 316.711 948.683
1300 250 270.321 807.775
1300 300 254.894 761.577
1300 350 239.319 715.891
1300 400 224.183 670.82
1300 450 209.326 626.498
1300 500 194.083 583.095
1350 50 338.233 1012.42
1350 100 322.426 965.66
1350 550 189.48 570.088
1350 600 176.512 531.507
1350 650 165.672 494.975
1350 700 155.681 460.977
1350 750 145.33 430.116
1350 800 135.269 403.113
1350 850 126.859 380.789
1350 900 120.857 364.005
1350 950 117.348 353.553
1350 1000 116.198 350
1350 150 306.914 919.239
1350 1050 117.348 353.553
1350 1100 120.857 364.005
1350 1150 126.859 380.789
1350 1200 135.269 403.113
1350 1250 145.33 430.116
1350 1300 155.681 460.977
1350 1350 165.672 494.975
1350 1400 176.512 531.507
1350 1450 189.48 570.088
1350 1500 203.718 610.328
1350 200 291.751 873.212
1350 1550 217.908 651.92
1350 1600 232.119 694.622
1350 1650 246.951 738.241
1350 1700 261.976 782.624
1350 1750 276.85 827.647
1350 1800 291.751 873.212
1350 1850 306.914 919.239
1350 1900 322.426 965.66
1350 250 276.85 827.647
1350 300 261.976 782.624
1350 350 246.951 738.241
1350 400 232.119 694.622
1350 450 217.908 651.92
1350 500 203.718 610.328
1400 50 344.42 1030.78
1400 100 328.895 984.886
1400 550 200.817 602.08
1400 600 187.939 565.685
1400 650 176.512 531.507
1400 700 167.106 500
1400 750 158.945 471.699
1400 800 151.25 447.214
1400 850 144.278 427.2
1400 900 138.753 412.311
1400 950 135.269 403.113
1400 1000 134.086 400
1400 150 313.654 939.415
1400 1050 135.269 403.113
1400 1100 138.753 412.311
1400 1150 144.278 427.2
1400 1200 151.25 447.214
1400 1250 158.945 471.699
1400 1300 167.106 500
1400 1350 176.512 531.507
1400 1400 187.939 565.685
1400 1450 200.817 602.08
1400 1500 214.021 640.312
1400 200 298.718 894.427
1400 1550 227.253 680.074
1400 1600 241.1 721.11
1400 1650 255.453 763.217
1400 1700 269.814 806.226
1400 1750 284.156 850
1400 1800 298.718 894.427
1400 1850 313.654 939.415
1400 1900 328.895 984.886
1400 250 284.156 850
1400 300 269.814 806.226
1400 350 255.453 763.217
1400 400 241.1 721.11
1400 450 227.253 680.074
1400 500 214.021 640.312
1450 50 351.301 1051.19
1450 100 336.089 1006.23
1450 550 212.695 636.396
1450 600 200.817 602.08
1450 650 189.48 570.088
1450 700 179.507 540.833
1450 750 171.402 514.782
1450 800 164.947 492.443
1450 850 159.724 474.342
1450 900 155.682 460.977
1450 950 153.075 452.769
1450 1000 152.176 450
1450 150 321.145 961.769
1450 1050 153.075 452.769
1450 1100 155.682 460.977
1450 1150 159.724 474.342
1450 1200 164.947 492.443
1450 1250 171.402 514.782
1450 1300 179.507 540.833
1450 1350 189.48 570.088
1450 1400 200.817 602.08
1450 1450 212.695 636.396
1450 1500 224.801 672.681
1450 200 306.487 917.878
1450 1550 237.53 710.634
1450 1600 250.967 750
1450 1650 264.628 790.569
1450 1700 278.328 832.166
1450 1750 292.206 874.643
1450 1800 306.487 917.878
1450 1850 321.145 961.769
1450 1900 336.089 1006.23
1450 250 292.206 874.643
1450 300 278.328 832.166
1450 350 264.628 790.569
1450 400 250.967 750
1450 450 237.53 710.634
1450 500 224.801 672.681
1500 50 358.854 1073.55
1500 100 343.956 1029.56
1500 550 224.801 672.681
1500 600 214.021 640.312
1500 650 203.718 610.328
1500 700 194.083 583.095
1500 750 185.623 559.017
1500 800 178.749 538.516
1500 850 173.574 522.015
1500 900 169.965 509.902
1500 950 167.824 502.494
1500 1000 167.109 500
1500 150 329.334 986.154
1500 1050 167.824 502.494
1500 1100 169.965 509.902
1500 1150 173.574 522.015
1500 1200 178.749 538.516
1500 1250 185.623 559.017
1500 1300 194.083 583.095
1500 1350 203.718 610.328
1500 1400 214.021 640.312
1500 1450 224.801 672.681
1500 1500 236.335 707.107
1500 200 315 943.398
1500 1550 248.683 743.303
1500 1600 261.446 781.025
1500 1650 274.355 820.061
1500 1700 287.484 860.233
1500 1750 301.002 901.388
1500 1800 315 943.398
1500 1850 329.334 986.154
1500 1900 343.956 1029.56
1500 250 301.002 901.388
1500 300 287.484 860.233
1500 350 274.355 820.061
1500 400 261.446 781.025
1500 450 248.683 743.303
1500 500 236.335 707.107
150 50 426.109 1274.75
150 100 413.764 1237.94
150 550 321.145 961.769
150 600 313.654 939.415
150 650 306.914 919.239
150 700 300.995 901.388
150 750 295.922 886.002
150 800 291.73 873.212
150 850 288.437 863.134
150 900 286.067 855.862
150 950 284.636 851.469
150 1000 284.159 850
150 150 401.954 1202.08
150 1050 284.636 851.469
150 1100 286.067 855.862
150 1150 288.437 863.134
150 1200 291.73 873.212
150 1250 295.922 886.002
150 1300 300.995 901.388
150 1350 306.914 919.239
150 1400 313.654 939.415
150 1450 321.145 961.769
150 1500 329.334 986.154
150 200 390.388 1167.26
150 1550 338.152 1012.42
150 1600 347.57 1040.43
150 1650 357.572 1070.05
150 1700 368.12 1101.14
150 1750 379.095 1133.58
150 1800 390.388 1167.26
150 1850 401.954 1202.08
150 1900 413.764 1237.94
150 250 379.095 1133.58
150 300 368.12 1101.14
150 350 357.572 1070.05
150 400 347.57 1040.43
150 450 338.152 1012.42
150 500 329.334 986.154
1550 50 367.037 1097.72
1550 100 352.462 1054.75
1550 550 237.53 710.634
1550 600 227.253 680.074
1550 650 217.908 651.92
1550 700 209.326 626.498
1550 750 201.548 604.152
1550 800 194.841 585.235
1550 850 189.479 570.088
1550 900 185.624 559.017
1550 950 183.318 552.268
1550 1000 182.55 550
1550 150 338.152 1012.42
1550 1050 183.318 552.268
1550 1100 185.624 559.017
1550 1150 189.479 570.088
1550 1200 194.841 585.235
1550 1250 201.548 604.152
1550 1300 209.326 626.498
1550 1350 217.908 651.92
1550 1400 227.253 680.074
1550 1450 237.53 710.634
1550 1500 248.683 743.303
1550 200 324.189 970.824
1550 1550 260.363 777.817
1550 1600 272.352 813.941
1550 1650 284.628 851.469
1550 1700 297.309 890.225
1550 1750 310.531 930.054
1550 1800 324.189 970.824
1550 1850 338.152 1012.42
1550 1900 352.462 1054.75
1550 250 310.531 930.054
1550 300 297.309 890.225
1550 350 284.628 851.469
1550 400 272.352 813.941
1550 450 260.363 777.817
1550 500 248.683 743.303
1600 50 375.773 1123.61
1600 100 361.572 1081.67
1600 550 250.967 750
1600 600 241.1 721.11
1600 650 232.119 694.622
1600 700 224.183 670.82
1600 750 217.266 650
1600 800 211.356 632.456
1600 850 206.556 618.466
1600 900 203 608.276
1600 950 200.819 602.08
1600 1000 200.088 600
1600 150 347.57 1040.43
1600 1050 200.819 602.08
1600 1100 203 608.276
1600 1150 206.556 618.466
1600 1200 211.356 632.456
1600 1250 217.266 650
1600 1300 224.183 670.82
1600 1350 232.119 694.622
1600 1400 241.1 721.11
1600 1450 250.967 750
1600 1500 261.446 781.025
1600 200 333.983 1000
1600 1550 272.352 813.941
1600 1600 283.665 848.528
1600 1650 295.465 884.59
1600 1700 307.834 921.954
1600 1750 320.721 960.469
1600 1800 333.983 1000
1600 1850 347.57 1040.43
1600 1900 361.572 1081.67
1600 250 320.721 960.469
1600 300 307.834 921.954
1600 350 295.465 884.59
1600 400 283.665 848.528
1600 450 272.352 813.941
1600 500 261.446 781.025
1650 50 385.005 1151.09
1650 100 371.218 1110.18
1650 550 264.628 790.569
1650 600 255.453 763.217
1650 650 246.951 738.241
1650 700 239.319 715.891
1650 750 232.725 696.419
1650 800 227.257 680.074
1650 850 222.943 667.083
1650 900 219.812 657.647
1650 950 217.908 651.92
1650 1000 217.267 650
1650 150 357.572 1070.05
1650 1050 217.908 651.92
1650 1100 219.812 657.647
1650 1150 222.943 667.083
1650 1200 227.257 680.074
1650 1250 232.725 696.419
1650 1300 239.319 715.891
1650 1350 246.951 738.241
1650 1400 255.453 763.217
1650 1450 264.628 790.569
1650 1500 274.355 820.061
1650 200 344.338 1030.78
1650 1550 284.628 851.469
1650 1600 295.465 884.59
1650 1650 306.922 919.239
1650 1700 318.981 955.249
1650 1750 331.482 992.472
1650 1800 344.338 1030.78
1650 1850 357.572 1070.05
1650 1900 371.218 1110.18
1650 250 331.482 992.472
1650 300 318.981 955.249
1650 350 306.922 919.239
1650 400 295.465 884.59
1650 450 284.628 851.469
1650 500 274.355 820.061
1700 50 394.639 1180.04
1700 100 381.306 1140.18
1700 550 278.328 832.166
1700 600 269.814 806.226
1700 650 261.976 782.624
1700 700 254.894 761.577
1700 750 248.68 743.303
1700 800 243.455 728.011
1700 850 239.318 715.891
1700 900 236.336 707.107
1700 950 234.533 701.783
1700 1000 233.93 700
1700 150 368.12 1101.14
1700 1050 234.533 701.783
1700 1100 236.336 707.107
1700 1150 239.318 715.891
1700 1200 243.455 728.011
1700 1250 248.68 743.303
1700 1300 254.894 761.577
1700 1350 261.976 782.624
1700 1400 269.814 806.226
1700 1450 278.328 832.166
1700 1500 287.484 860.233
1700 200 355.24 1063.01
1700 1550 297.309 890.225
1700 1600 307.834 921.954
1700 1650 318.981 955.249
1700 1700 330.631 989.949
1700 1750 342.724 1025.91
1700 1800 355.24 1063.01
1700 1850 368.12 1101.14
1700 1900 381.306 1140.18
1700 250 342.724 1025.91
1700 300 330.631 989.949
1700 350 318.981 955.249
1700 400 307.834 921.954
1700 450 297.309 890.225
1700 500 287.484 860.233
1750 50 404.658 1210.37
1750 100 391.767 1171.54
1750 550 292.206 874.643
1750 600 284.156 850
1750 650 276.85 827.647
1750 700 270.321 807.775
1750 750 264.618 790.569
1750 800 259.818 776.209
1750 850 255.995 764.853
1750 900 253.213 756.637
1750 950 251.526 751.665
1750 1000 250.961 750
1750 150 379.095 1133.58
1750 1050 251.526 751.665
1750 1100 253.213 756.637
1750 1150 255.995 764.853
1750 1200 259.818 776.209
1750 1250 264.618 790.569
1750 1300 270.321 807.775
1750 1350 276.85 827.647
1750 1400 284.156 850
1750 1450 292.206 874.643
1750 1500 301.002 901.388
1750 200 366.614 1096.59
1750 1550 310.531 930.054
1750 1600 320.721 960.469
1750 1650 331.482 992.472
1750 1700 342.724 1025.91
1750 1750 354.442 1060.66
1750 1800 366.614 1096.59
1750 1850 379.095 1133.58
1750 1900 391.767 1171.54
1750 250 354.442 1060.66
1750 300 342.724 1025.91
1750 350 331.482 992.472
1750 400 320.721 960.469
1750 450 310.531 930.054
1750 500 301.002 901.388
1800 50 415.08 1241.97
1800 100 402.557 1204.16
1800 550 306.487 917.878
1800 600 298.718 894.427
1800 650 291.751 873.212
1800 700 285.594 854.4
1800 750 280.283 838.153
1800 800 275.85 824.621
1800 850 272.342 813.941
1800 900 269.801 806.226
1800 950 268.261 801.561
1800 1000 267.743 800
1800 150 390.388 1167.26
1800 1050 268.261 801.561
1800 1100 269.801 806.226
1800 1150 272.342 813.941
1800 1200 275.85 824.621
1800 1250 280.283 838.153
1800 1300 285.594 854.4
1800 1350 291.751 873.212
1800 1400 298.718 894.427
1800 1450 306.487 917.878
1800 1500 315 943.398
1800 200 378.379 1131.37
1800 1550 324.189 970.824
1800 1600 333.983 1000
1800 1650 344.338 1030.78
1800 1700 355.24 1063.01
1800 1750 366.614 1096.59
1800 1800 378.379 1131.37
1800 1850 390.388 1167.26
1800 1900 402.557 1204.16
1800 250 366.614 1096.59
1800 300 355.24 1063.01
1800 350 344.338 1030.78
1800 400 333.983 1000
1800 450 324.189 970.824
1800 500 315 943.398
1850 50 426.109 1274.75
1850 100 413.764 1237.94
1850 550 321.145 961.769
1850 600 313.654 939.415
1850 650 306.914 919.239
1850 700 300.995 901.388
1850 750 295.922 886.002
1850 800 291.73 873.212
1850 850 288.437 863.134
1850 900 286.067 855.862
1850 950 284.636 851.469
1850 1000 284.159 850
1850 150 401.954 1202.08
1850 1050 284.636 851.469
1850 1100 286.067 855.862
1850 1150 288.437 863.134
1850 1200 291.73 873.212
1850 1250 295.922 886.002
1850 1300 300.995 901.388
1850 1350 306.914 919.239
1850 1400 313.654 939.415
1850 1450 321.145 961.769
1850 1500 329.334 986.154
1850 200 390.388 1167.26
1850 1550 338.152 1012.42
1850 1600 347.57 1040.43
1850 1650 357.572 1070.05
1850 1700 368.12 1101.14
1850 1750 379.095 1133.58
1850 1800 390.388 1167.26
1850 1850 401.954 1202.08
1850 1900 413.764 1237.94
1850 250 379.095 1133.58
1850 300 368.12 1101.14
1850 350 357.572 1070.05
1850 400 347.57 1040.43
1850 450 338.152 1012.42
1850 500 329.334 986.154
1900 50 437.983 1308.63
1900 100 425.473 1272.79
1900 550 336.089 1006.23
1900 600 328.895 984.886
1900 650 322.426 965.66
1900 700 316.711 948.683
1900 750 311.812 934.077
1900 800 307.757 921.954
1900 850 304.583 912.414
1900 900 302.303 905.539
1900 950 300.931 901.388
1900 1000 300.472 900
1900 150 413.764 1237.94
1900 1050 300.931 901.388
1900 1100 302.303 905.539
1900 1150 304.583 912.414
1900 1200 307.757 921.954
1900 1250 311.812 934.077
1900 1300 316.711 948.683
1900 1350 322.426 965.66
1900 1400 328.895 984.886
1900 1450 336.089 1006.23
1900 1500 343.956 1029.56
1900 200 402.557 1204.16
1900 1550 352.462 1054.75
1900 1600 361.572 1081.67
1900 1650 371.218 1110.18
1900 1700 381.306 1140.18
1900 1750 391.767 1171.54
1900 1800 402.557 1204.16
1900 1850 413.764 1237.94
1900 1900 425.473 1272.79
1900 250 391.767 1171.54
1900 300 381.306 1140.18
1900 350 371.218 1110.18
1900 400 361.572 1081.67
1900 450 352.462 1054.75
1900 500 343.956 1029.56
200 50 415.08 1241.97
200 100 402.557 1204.16
200 550 306.487 917.878
200 600 298.718 894.427
200 650 291.751 873.212
200 700 285.594 854.4
200 750 280.283 838.153
200 800 275.85 824.621
200 850 272.342 813.941
200 900 269.801 806.226
200 950 268.261 801.561
200 1000 267.743 800
200 150 390.388 1167.26
200 1050 268.261 801.561
200 1100 269.801 806.226
200 1150 272.342 813.941
200 1200 275.85 824.621
200 1250 280.283 838.153
200 1300 285.594 854.4
200 1350 291.751 873.212
200 1400 298.718 894.427
200 1450 306.487 917.878
200 1500 315 943.398
200 200 378.379 1131.37
200 1550 324.189 970.824
200 1600 333.983 1000
200 1650 344.338 1030.78
200 1700 355.24 1063.01
200 1750 366.614 1096.59
200 1800 378.379 1131.37
200 1850 390.388 1167.26
200 1900 402.557 1204.16
200 250 366.614 1096.59
200 300 355.24 1063.01
200 350 344.338 1030.78
200 400 333.983 1000
200 450 324.189 970.824
200 500 315 943.398
250 50 404.658 1210.37
250 100 391.767 1171.54
250 550 292.206 874.643
250 600 284.156 850
250 650 276.85 827.647
250 700 270.321 807.775
250 750 264.618 790.569
250 800 259.818 776.209
250 850 255.995 764.853
250 900 253.213 756.637
250 950 251.526 751.665
250 1000 250.961 750
250 150 379.095 1133.58
250 1050 251.526 751.665
250 1100 253.213 756.637
250 1150 255.995 764.853
250 1200 259.818 776.209
250 1250 264.618 790.569
250 1300 270.321 807.775
250 1350 276.85 827.647
250 1400 284.156 850
250 1450 292.206 874.643
250 1500 301.002 901.388
250 200 366.614 1096.59
250 1550 310.531 930.054
250 1600 320.721 960.469
250 1650 331.482 992.472
250 1700 342.724 1025.91
250 1750 354.442 1060.66
250 1800 366.614 1096.59
250 1850 379.095 1133.58
250 1900 391.767 1171.54
250 250 354.442 1060.66
250 300 342.724 1025.91
250 350 331.482 992.472
250 400 320.721 960.469
250 450 310.531 930.054
250 500 301.002 901.388
300 50 394.639 1180.04
300 100 381.306 1140.18
300 550 278.328 832.166
300 600 269.814 806.226
300 650 261.976 782.624
300 700 254.894 761.577
300 750 248.68 743.303
300 800 243.455 728.011
300 850 239.318 715.891
300 900 236.336 707.107
300 950 234.533 701.783
300 1000 233.93 700
300 150 368.12 1101.14
300 1050 234.533 701.783
300 1100 236.336 707.107
300 1150 239.318 715.891
300 1200 243.455 728.011
300 1250 248.68 743.303
300 1300 254.894 761.577
300 1350 261.976 782.624
300 1400 269.814 806.226
300 1450 278.328 832.166
300 1500 287.484 860.233
300 200 355.24 1063.01
300 1550 297.309 890.225
300 1600 307.834 921.954
300 1650 318.981 955.249
300 1700 330.631 989.949
300 1750 342.724 1025.91
300 1800 355.24 1063.01
300 1850 368.12 1101.14
300 1900 381.306 1140.18
300 250 342.724 1025.91
300 300 330.631 989.949
300 350 318.981 955.249
300 400 307.834 921.954
300 450 297.309 890.225
300 500 287.484 860.233
350 50 385.005 1151.09
350 100 371.218 1110.18
350 550 264.628 790.569
350 600 255.453 763.217
350 650 246.951 738.241
350 700 239.319 715.891
350 750 232.725 696.419
350 800 227.257 680.074
350 850 222.943 667.083
350 900 219.812 657.647
350 950 217.908 651.92
350 1000 217.267 650
350 150 357.572 1070.05
350 1050 217.908 651.92
350 1100 219.812 657.647
350 1150 222.943 667.083
350 1200 227.257 680.074
350 1250 232.725 696.419
350 1300 239.319 715.891
350 1350 246.951 738.241
350 1400 255.453 763.217
350 1450 264.628 790.569
350 1500 274.355 820.061
350 200 344.338 1030.78
350 1550 284.628 851.469
350 1600 295.465 884.59
350 1650 306.922 919.239
350 1700 318.981 955.249
350 1750 331.482 992.472
350 1800 344.338 1030.78
350 1850 357.572 1070.05
350 1900 371.218 1110.18
350 250 331.482 992.472
350 300 318.981 955.249
350 350 306.922 919.239
350 400 295.465 884.59
350 450 284.628 851.469
350 500 274.355 820.061
400 50 375.773 1123.61
400 100 361.572 1081.67
400 550 250.967 750
400 600 241.1 721.11
400 650 232.119 694.622
400 700 224.183 670.82
400 750 217.266 650
400 800 211.356 632.456
400 850 206.556 618.466
400 900 203 608.276
400 950 200.819 602.08
400 1000 200.088 600
400 150 347.57 1040.43
400 1050 200.819 602.08
400 1100 203 608.276
400 1150 206.556 618.466
400 1200 211.356 632.456
400 1250 217.266 650
400 1300 224.183 670.82
400 1350 232.119 694.622
400 1400 241.1 721.11
400 1450 250.967 750
400 1500 261.446 781.025
400 200 333.983 1000
400 1550 272.352 813.941
400 1600 283.665 848.528
400 1650 295.465 884.59
400 1700 307.834 921.954
400 1750 320.721 960.469
400 1800 333.983 1000
400 1850 347.57 1040.43
400 1900 361.572 1081.67
400 250 320.721 960.469
400 300 307.834 921.954
400 350 295.465 884.59
400 400 283.665 848.528
400 450 272.352 813.941
400 500 261.446 781.025
450 50 367.037 1097.72
450 100 352.462 1054.75
450 550 237.53 710.634
450 600 227.253 680.074
450 650 217.908 651.92
450 700 209.326 626.498
450 750 201.548 604.152
450 800 194.841 585.235
450 850 189.479 570.088
450 900 185.624 559.017
450 950 183.318 552.268
450 1000 182.55 550
450 150 338.152 1012.42
450 1050 183.318 552.268
450 1100 185.624 559.017
450 1150 189.479 570.088
450 1200 194.841 585.235
450 1250 201.548 604.152
450 1300 209.326 626.498
450 1350 217.908 651.92
450 1400 227.253 680.074
450 1450 237.53 710.634
450 1500 248.683 743.303
450 200 324.189 970.824
450 1550 260.363 777.817
450 1600 272.352 813.941
450 1650 284.628 851.469
450 1700 297.309 890.225
450 1750 310.531 930.054
450 1800 324.189 970.824
450 1850 338.152 1012.42
450 1900 352.462 1054.75
450 250 310.531 930.054
450 300 297.309 890.225
450 350 284.628 851.469
450 400 272.352 813.941
450 450 260.363 777.817
450 500 248.683 743.303
500 50 358.854 1073.55
500 100 343.956 1029.56
500 550 224.801 672.681
500 600 214.021 640.312
500 650 203.718 610.328
500 700 194.083 583.095
500 750 185.623 559.017
500 800 178.749 538.516
500 850 173.574 522.015
500 900 169.965 509.902
500 950 167.824 502.494
500 1000 167.109 500
500 150 329.334 986.154
500 1050 167.824 502.494
500 1100 169.965 509.902
500 1150 173.574 522.015
500 1200 178.749 538.516
500 1250 185.623 559.017
500 1300 194.083 583.095
500 1350 203.718 610.328
500 1400 214.021 640.312
500 1450 224.801 672.681
500 1500 236.335 707.107
500 200 315 943.398
500 1550 248.683 743.303
500 1600 261.446 781.025
500 1650 274.355 820.061
500 1700 287.484 860.233
500 1750 301.002 901.388
500 1800 315 943.398
500 1850 329.334 986.154
500 1900 343.956 1029.56
500 250 301.002 901.388
500 300 287.484 860.233
500 350 274.355 820.061
500 400 261.446 781.025
500 450 248.683 743.303
500 500 236.335 707.107
