50 50 421.226 1343.5
50 100 405.783 1308.63
50 550 328.016 1051.19
50 600 321.392 1030.78
50 650 315.353 1012.42
50 700 309.978 996.243
50 750 305.348 982.344
50 800 301.526 970.824
50 850 298.54 961.769
50 900 296.408 955.249
50 950 295.127 951.315
50 1000 294.7 950
50 150 396.566 1274.75
50 1050 295.127 951.315
50 1100 296.408 955.249
50 1150 298.54 961.769
50 1200 301.526 970.824
50 1250 305.348 982.344
50 1300 309.978 996.243
50 1350 315.353 1012.42
50 1400 321.392 1030.78
50 1450 328.016 1051.19
50 1500 335.113 1073.55
50 200 387.108 1241.97
50 1550 342.716 1097.72
50 1600 350.681 1123.61
50 1650 359.201 1151.09
50 1700 368.125 1180.04
50 1750 377.349 1210.37
50 1800 387.108 1241.97
50 1850 396.566 1274.75
50 1900 405.783 1308.63
50 250 377.349 1210.37
50 300 368.125 1180.04
50 350 359.201 1151.09
50 400 350.681 1123.61
50 450 342.716 1097.72
50 500 335.113 1073.55
550 50 328.016 1051.19
550 100 313.313 1006.23
550 550 199.341 636.396
550 600 189.931 602.08
550 650 179.898 570.088
550 700 169.35 540.833
550 750 159.475 514.782
550 800 151.331 492.443
550 850 145.239 474.342
550 900 141.1 460.977
550 950 138.707 452.769
550 1000 137.918 450
550 150 298.549 961.769
550 1050 138.707 452.769
550 1100 141.1 460.977
550 1150 145.239 474.342
550 1200 151.331 492.443
550 1250 159.475 514.782
550 1300 169.35 540.833
550 1350 179.898 570.088
550 1400 189.931 602.08
550 1450 199.341 636.396
550 1500 209.285 672.681
550 200 284.556 917.878
550 1550 220.782 710.634
550 1600 233.645 750
550 1650 246.805 790.569
550 1700 259.441 832.166
550 1750 271.723 874.643
550 1800 284.556 917.878
550 1850 298.549 961.769
550 1900 313.313 1006.23
550 250 271.723 874.643
550 300 259.441 832.166
550 350 246.805 790.569
550 400 233.645 750
550 450 220.782 710.634
550 500 209.285 672.681
600 50 321.392 1030.78
600 100 306.197 984.886
600 550 189.931 602.08
600 600 178.383 565.685
600 650 165.817 531.507
600 700 154.032 500
600 750 144.4 471.699
600 800 137.143 447.214
600 850 131.891 427.2
600 900 128.234 412.311
600 950 125.996 403.113
600 1000 125.231 400
600 150 291.298 939.415
600 1050 125.996 403.113
600 1100 128.234 412.311
600 1150 131.891 427.2
600 1200 137.143 447.214
600 1250 144.4 471.699
600 1300 154.032 500
600 1350 165.817 531.507
600 1400 178.383 565.685
600 1450 189.931 602.08
600 1500 200.396 640.312
600 200 277.54 894.427
600 1550 211.422 680.074
600 1600 224.156 721.11
600 1650 237.996 763.217
600 1700 251.651 806.226
600 1750 264.65 850
600 1800 277.54 894.427
600 1850 291.298 939.415
600 1900 306.197 984.886
600 250 264.65 850
600 300 251.651 806.226
600 350 237.996 763.217
600 400 224.156 721.11
600 450 211.422 680.074
600 500 200.396 640.312
650 50 315.353 1012.42
650 100 299.812 965.66
650 550 179.898 570.088
650 600 165.817 531.507
650 650 152.224 494.975
650 700 141.097 460.977
650 750 132.627 430.116
650 800 125.998 403.113
650 850 120.249 380.789
650 900 115.292 364.005
650 950 111.847 353.553
650 1000 110.617 350
650 150 284.983 919.239
650 1050 111.847 353.553
650 1100 115.292 364.005
650 1150 120.249 380.789
650 1200 125.998 403.113
650 1250 132.627 430.116
650 1300 141.097 460.977
650 1350 152.224 494.975
650 1400 165.817 531.507
650 1450 179.898 570.088
650 1500 192.28 610.328
650 200 271.38 873.212
650 1550 203.511 651.92
650 1600 215.778 694.622
650 1650 229.76 738.241
650 1700 244.266 782.624
650 1750 258.144 827.647
650 1800 271.38 873.212
650 1850 284.983 919.239
650 1900 299.812 965.66
650 250 258.144 827.647
650 300 244.266 782.624
650 350 229.76 738.241
650 400 215.778 694.622
650 450 203.511 651.92
650 500 192.28 610.328
700 50 309.978 996.243
700 100 294.263 948.683
700 550 169.35 540.833
700 600 154.032 500
700 650 141.097 460.977
700 700 131.163 424.264
700 750 122.847 390.512
700 800 114.191 360.555
700 850 105.282 335.41
700 900 97.9027 316.228
700 950 93.2682 304.138
700 1000 91.7071 300
700 150 279.591 901.388
700 1050 93.2682 304.138
700 1100 97.9027 316.228
700 1150 105.282 335.41
700 1200 114.191 360.555
700 1250 122.847 390.512
700 1300 131.163 424.264
700 1350 141.097 460.977
700 1400 154.032 500
700 1450 169.35 540.833
700 1500 184.173 583.095
700 200 265.968 854.4
700 1550 196.7 626.498
700 1600 208.752 670.82
700 1650 222.458 715.891
700 1700 237.458 761.577
700 1750 252.181 807.775
700 1800 265.968 854.4
700 1850 279.591 901.388
700 1900 294.263 948.683
700 250 252.181 807.775
700 300 237.458 761.577
700 350 222.458 715.891
700 400 208.752 670.82
700 450 196.7 626.498
700 500 184.173 583.095
750 50 305.348 982.344
750 100 289.595 934.077
750 550 159.475 514.782
750 600 144.4 471.699
750 650 132.627 430.116
750 700 122.847 390.512
750 750 111.848 353.553
750 800 99.4229 320.156
750 850 88.5903 291.548
750 900 80.958 269.258
750 950 76.5272 254.951
750 1000 75.0789 250
750 150 275.074 886.002
750 1050 76.5272 254.951
750 1100 80.958 269.258
750 1150 88.5903 291.548
750 1200 99.4229 320.156
750 1250 111.848 353.553
750 1300 122.847 390.512
750 1350 132.627 430.116
750 1400 144.4 471.699
750 1450 159.475 514.782
750 1500 176.036 559.017
750 200 261.255 838.153
750 1550 190.533 604.152
750 1600 202.991 650
750 1650 216.323 696.419
750 1700 231.449 743.303
750 1750 246.841 790.569
750 1800 261.255 838.153
750 1850 275.074 886.002
750 1900 289.595 934.077
750 250 246.841 790.569
750 300 231.449 743.303
750 350 216.323 696.419
750 400 202.991 650
750 450 190.533 604.152
750 500 176.036 559.017
800 50 301.526 970.824
800 100 285.812 921.954
800 550 151.331 492.443
800 600 137.143 447.214
800 650 125.998 403.113
800 700 114.191 360.555
800 750 99.4229 320.156
800 800 85.5016 282.843
800 850 75.0789 250
800 900 68.0273 223.607
800 950 63.8666 206.155
800 1000 62.4594 200
800 150 271.376 873.212
800 1050 63.8666 206.155
800 1100 68.0273 223.607
800 1150 75.0789 250
800 1200 85.5016 282.843
800 1250 99.4229 320.156
800 1300 114.191 360.555
800 1350 125.998 403.113
800 1400 137.143 447.214
800 1450 151.331 492.443
800 1500 168.476 538.516
800 200 257.264 824.621
800 1550 184.854 585.235
800 1600 198.29 632.456
800 1650 211.425 680.074
800 1700 226.425 728.011
800 1750 242.258 776.209
800 1800 257.264 824.621
800 1850 271.376 873.212
800 1900 285.812 921.954
800 250 242.258 776.209
800 300 226.425 728.011
800 350 211.425 680.074
800 400 198.29 632.456
800 450 184.854 585.235
800 500 168.476 538.516
850 50 298.54 961.769
850 100 282.899 912.414
850 550 145.239 474.342
850 600 131.891 427.2
850 650 120.249 380.789
850 700 105.282 335.41
850 750 88.5903 291.548
850 800 75.0789 250
850 850 65.2559 212.132
850 900 57.9535 180.278
850 950 52.2404 158.114
850 1000 49.8285 150
850 150 268.48 863.134
850 1050 52.2404 158.114
850 1100 57.9535 180.278
850 1150 65.2559 212.132
850 1200 75.0789 250
850 1250 88.5903 291.548
850 1300 105.282 335.41
850 1350 120.249 380.789
850 1400 131.891 427.2
850 1450 145.239 474.342
850 1500 162.217 522.015
850 200 254.061 813.941
850 1550 179.897 570.088
850 1600 194.525 618.466
850 1650 207.702 667.083
850 1700 222.496 715.891
850 1750 238.569 764.853
850 1800 254.061 813.941
850 1850 268.48 863.134
850 1900 282.899 912.414
850 250 238.569 764.853
850 300 222.496 715.891
850 350 207.702 667.083
850 400 194.525 618.466
850 450 179.897 570.088
850 500 162.217 522.015
900 50 296.408 955.249
900 100 280.829 905.539
900 550 141.1 460.977
900 600 128.234 412.311
900 650 115.292 364.005
900 700 97.9027 316.228
900 750 80.958 269.258
900 800 68.0273 223.607
900 850 57.9535 180.278
900 900 47.0953 141.421
900 950 37.0553 111.803
900 1000 33.1746 100
900 150 266.392 855.862
900 1050 37.0553 111.803
900 1100 47.0953 141.421
900 1150 57.9535 180.278
900 1200 68.0273 223.607
900 1250 80.958 269.258
900 1300 97.9027 316.228
900 1350 115.292 364.005
900 1400 128.234 412.311
900 1450 141.1 460.977
900 1500 157.656 509.902
900 200 251.704 806.226
900 1550 176.035 559.017
900 1600 191.698 608.276
900 1650 205.086 657.647
900 1700 219.694 707.107
900 1750 235.871 756.637
900 1800 251.704 806.226
900 1850 266.392 855.862
900 1900 280.829 905.539
900 250 235.871 756.637
900 300 219.694 707.107
900 350 205.086 657.647
900 400 191.698 608.276
900 450 176.035 559.017
900 500 157.656 509.902
950 50 295.127 951.315
950 100 279.593 901.388
950 550 138.707 452.769
950 600 125.996 403.113
950 650 111.847 353.553
950 700 93.2682 304.138
950 750 76.5272 254.951
950 800 63.8666 206.155
950 850 52.2404 158.114
950 900 37.0553 111.803
950 950 24.1965 70.7107
950 1000 18.0371 50
950 150 265.125 851.469
950 1050 24.1965 70.7107
950 1100 37.0553 111.803
950 1150 52.2404 158.114
950 1200 63.8666 206.155
950 1250 76.5272 254.951
950 1300 93.2682 304.138
950 1350 111.847 353.553
950 1400 125.996 403.113
950 1450 138.707 452.769
950 1500 154.936 502.494
950 200 250.27 801.561
950 1550 173.589 552.268
950 1600 189.93 602.08
950 1650 203.525 651.92
950 1700 218.021 701.783
950 1750 234.227 751.665
950 1800 250.27 801.561
950 1850 265.125 851.469
950 1900 279.593 901.388
950 250 234.227 751.665
950 300 218.021 701.783
950 350 203.525 651.92
950 400 189.93 602.08
950 450 173.589 552.268
950 500 154.936 502.494
1000 50 294.7 950
1000 100 279.184 900
1000 550 137.918 450
1000 600 125.231 400
1000 650 110.617 350
1000 700 91.7071 300
1000 750 75.0789 250
1000 800 62.4594 200
1000 850 49.8285 150
1000 900 33.1746 100
1000 950 18.0371 50
1000 150 264.7 850
1000 1050 18.0371 50
1000 1100 33.1746 100
1000 1150 49.8285 150
1000 1200 62.4594 200
1000 1250 75.0789 250
1000 1300 91.7071 300
1000 1350 110.617 350
1000 1400 125.231 400
1000 1450 137.918 450
1000 1500 154.032 500
1000 200 249.786 800
1000 1550 172.757 550
1000 1600 189.333 600
1000 1650 203.004 650
1000 1700 217.466 700
1000 1750 233.675 750
1000 1800 249.786 800
1000 1850 264.7 850
1000 1900 279.184 900
1000 250 233.675 750
1000 300 217.466 700
1000 350 203.004 650
1000 400 189.333 600
1000 450 172.757 550
1000 500 154.032 500
100 50 405.783 1308.63
100 100 395.806 1272.79
100 550 313.313 1006.23
100 600 306.197 984.886
100 650 299.812 965.66
100 700 294.263 948.683
100 750 289.595 934.077
100 800 285.812 921.954
100 850 282.899 912.414
100 900 280.829 905.539
100 950 279.593 901.388
100 1000 279.184 900
100 150 385.733 1237.94
100 1050 279.593 901.388
100 1100 280.829 905.539
100 1150 282.899 912.414
100 1200 285.812 921.954
100 1250 289.595 934.077
100 1300 294.263 948.683
100 1350 299.812 965.66
100 1400 306.197 984.886
100 1450 313.313 1006.23
100 1500 321.042 1029.56
100 200 375.562 1204.16
100 1550 329.187 1054.75
100 1600 337.717 1081.67
100 1650 346.576 1110.18
100 1700 355.738 1140.18
100 1750 365.335 1171.54
100 1800 375.562 1204.16
100 1850 385.733 1237.94
100 1900 395.806 1272.79
100 250 365.335 1171.54
100 300 355.738 1140.18
100 350 346.576 1110.18
100 400 337.717 1081.67
100 450 329.187 1054.75
100 500 321.042 1029.56
1050 50 295.127 951.315
1050 100 279.593 901.388
1050 550 138.707 452.769
1050 600 125.996 403.113
1050 650 111.847 353.553
1050 700 93.2682 304.138
1050 750 76.5272 254.951
1050 800 63.8666 206.155
1050 850 52.2404 158.114
1050 900 37.0553 111.803
1050 950 24.1965 70.7107
1050 1000 18.0371 50
1050 150 265.125 851.469
1050 1050 24.1965 70.7107
1050 1100 37.0553 111.803
1050 1150 52.2404 158.114
1050 1200 63.8666 206.155
1050 1250 76.5272 254.951
1050 1300 93.2682 304.138
1050 1350 111.847 353.553
1050 1400 125.996 403.113
1050 1450 138.707 452.769
1050 1500 154.936 502.494
1050 200 250.27 801.561
1050 1550 173.589 552.268
1050 1600 189.93 602.08
1050 1650 203.525 651.92
1050 1700 218.021 701.783
1050 1750 234.227 751.665
1050 1800 250.27 801.561
1050 1850 265.125 851.469
1050 1900 279.593 901.388
1050 250 234.227 751.665
1050 300 218.021 701.783
1050 350 203.525 651.92
1050 400 189.93 602.08
1050 450 173.589 552.268
1050 500 154.936 502.494
1100 50 296.408 955.249
1100 100 280.829 905.539
1100 550 141.1 460.977
1100 600 128.234 412.311
1100 650 115.292 364.005
1100 700 97.9027 316.228
1100 750 80.958 269.258
1100 800 68.0273 223.607
1100 850 57.9535 180.278
1100 900 47.0953 141.421
1100 950 37.0553 111.803
1100 1000 33.1746 100
1100 150 266.392 855.862
1100 1050 37.0553 111.803
1100 1100 47.0953 141.421
1100 1150 57.9535 180.278
1100 1200 68.0273 223.607
1100 1250 80.958 269.258
1100 1300 97.9027 316.228
1100 1350 115.292 364.005
1100 1400 128.234 412.311
1100 1450 141.1 460.977
1100 1500 157.656 509.902
1100 200 251.704 806.226
1100 1550 176.035 559.017
1100 1600 191.698 608.276
1100 1650 205.086 657.647
1100 1700 219.694 707.107
1100 1750 235.871 756.637
1100 1800 251.704 806.226
1100 1850 266.392 855.862
1100 1900 280.829 905.539
1100 250 235.871 756.637
1100 300 219.694 707.107
1100 350 205.086 657.647
1100 400 191.698 608.276
1100 450 176.035 559.017
1100 500 157.656 509.902
1150 50 298.54 961.769
1150 100 282.899 912.414
1150 550 145.239 474.342
1150 600 131.891 427.2
1150 650 120.249 380.789
1150 700 105.282 335.41
1150 750 88.5903 291.548
1150 800 75.0789 250
1150 850 65.2559 212.132
1150 900 57.9535 180.278
1150 950 52.2404 158.114
1150 1000 49.8285 150
1150 150 268.48 863.134
1150 1050 52.2404 158.114
1150 1100 57.9535 180.278
1150 1150 65.2559 212.132
1150 1200 75.0789 250
1150 1250 88.5903 291.548
1150 1300 105.282 335.41
1150 1350 120.249 380.789
1150 1400 131.891 427.2
1150 1450 145.239 474.342
1150 1500 162.217 522.015
1150 200 254.061 813.941
1150 1550 179.897 570.088
1150 1600 194.525 618.466
1150 1650 207.702 667.083
1150 1700 222.496 715.891
1150 1750 238.569 764.853
1150 1800 254.061 813.941
1150 1850 268.48 863.134
1150 1900 282.899 912.414
1150 250 238.569 764.853
1150 300 222.496 715.891
1150 350 207.702 667.083
1150 400 194.525 618.466
1150 450 179.897 570.088
1150 500 162.217 522.015
1200 50 301.526 970.824
1200 100 285.812 921.954
1200 550 151.331 492.443
1200 600 137.143 447.214
1200 650 125.998 403.113
1200 700 114.191 360.555
1200 750 99.4229 320.156
1200 800 85.5016 282.843
1200 850 75.0789 250
1200 900 68.0273 223.607
1200 950 63.8666 206.155
1200 1000 62.4594 200
1200 150 271.376 873.212
1200 1050 63.8666 206.155
1200 1100 68.0273 223.607
1200 1150 75.0789 250
1200 1200 85.5016 282.843
1200 1250 99.4229 320.156
1200 1300 114.191 360.555
1200 1350 125.998 403.113
1200 1400 137.143 447.214
1200 1450 151.331 492.443
1200 1500 168.476 538.516
1200 200 257.264 824.621
1200 1550 184.854 585.235
1200 1600 198.29 632.456
1200 1650 211.425 680.074
1200 1700 226.425 728.011
1200 1750 242.258 776.209
1200 1800 257.264 824.621
1200 1850 271.376 873.212
1200 1900 285.812 921.954
1200 250 242.258 776.209
1200 300 226.425 728.011
1200 350 211.425 680.074
1200 400 198.29 632.456
1200 450 184.854 585.235
1200 500 168.476 538.516
1250 50 305.348 982.344
1250 100 289.595 934.077
1250 550 159.475 514.782
1250 600 144.4 471.699
1250 650 132.627 430.116
1250 700 122.847 390.512
1250 750 111.848 353.553
1250 800 99.4229 320.156
1250 850 88.5903 291.548
1250 900 80.958 269.258
1250 950 76.5272 254.951
1250 1000 75.0789 250
1250 150 275.074 886.002
1250 1050 76.5272 254.951
1250 1100 80.958 269.258
1250 1150 88.5903 291.548
1250 1200 99.4229 320.156
1250 1250 111.848 353.553
1250 1300 122.847 390.512
1250 1350 132.627 430.116
1250 1400 144.4 471.699
1250 1450 159.475 514.782
1250 1500 176.036 559.017
1250 200 261.255 838.153
1250 1550 190.533 604.152
1250 1600 202.991 650
1250 1650 216.323 696.419
1250 1700 231.449 743.303
1250 1750 246.841 790.569
1250 1800 261.255 838.153
1250 1850 275.074 886.002
1250 1900 289.595 934.077
1250 250 246.841 790.569
1250 300 231.449 743.303
1250 350 216.323 696.419
1250 400 202.991 650
1250 450 190.533 604.152
1250 500 176.036 559.017
1300 50 309.978 996.243
1300 100 294.263 948.683
1300 550 169.35 540.833
1300 600 154.032 500
1300 650 141.097 460.977
1300 700 131.163 424.264
1300 750 122.847 390.512
1300 800 114.191 360.555
1300 850 105.282 335.41
1300 900 97.9027 316.228
1300 950 93.2682 304.138
1300 1000 91.7071 300
1300 150 279.591 901.388
1300 1050 93.2682 304.138
1300 1100 97.9027 316.228
1300 1150 105.282 335.41
1300 1200 114.191 360.555
1300 1250 122.847 390.512
1300 1300 131.163 424.264
1300 1350 141.097 460.977
1300 1400 154.032 500
1300 1450 169.35 540.833
1300 1500 184.173 583.095
1300 200 265.968 854.4
1300 1550 196.7 626.498
1300 1600 208.752 670.82
1300 1650 222.458 715.891
1300 1700 237.458 761.577
1300 1750 252.181 807.775
1300 1800 265.968 854.4
1300 1850 279.591 901.388
1300 1900 294.263 948.683
1300 250 252.181 807.775
1300 300 237.458 761.577
1300 350 222.458 715.891
1300 400 208.752 670.82
1300 450 196.7 626.498
1300 500 184.173 583.095
1350 50 315.353 1012.42
1350 100 299.812 965.66
1350 550 179.898 570.088
1350 600 165.817 531.507
1350 650 152.224 494.975
1350 700 141.097 460.977
1350 750 132.627 430.116
1350 800 125.998 403.113
1350 850 120.249 380.789
1350 900 115.292 364.005
1350 950 111.847 353.553
1350 1000 110.617 350
1350 150 284.983 919.239
1350 1050 111.847 353.553
1350 1100 115.292 364.005
1350 1150 120.249 380.789
1350 1200 125.998 403.113
1350 1250 132.627 430.116
1350 1300 141.097 460.977
1350 1350 152.224 494.975
1350 1400 165.817 531.507
1350 1450 179.898 570.088
1350 1500 192.28 610.328
1350 200 271.38 873.212
1350 1550 203.511 651.92
1350 1600 215.778 694.622
1350 1650 229.76 738.241
1350 1700 244.266 782.624
1350 1750 258.144 827.647
1350 1800 271.38 873.212
1350 1850 284.983 919.239
1350 1900 299.812 965.66
1350 250 258.144 827.647
1350 300 244.266 782.624
1350 350 229.76 738.241
1350 400 215.778 694.622
1350 450 203.511 651.92
1350 500 192.28 610.328
1400 50 321.392 1030.78
1400 100 306.197 984.886
1400 550 189.931 602.08
1400 600 178.383 565.685
1400 650 165.817 531.507
1400 700 154.032 500
1400 750 144.4 471.699
1400 800 137.143 447.214
1400 850 131.891 427.2
1400 900 128.234 412.311
1400 950 125.996 403.113
1400 1000 125.231 400
1400 150 291.298 939.415
1400 1050 125.996 403.113
1400 1100 128.234 412.311
1400 1150 131.891 427.2
1400 1200 137.143 447.214
1400 1250 144.4 471.699
1400 1300 154.032 500
1400 1350 165.817 531.507
1400 1400 178.383 565.685
1400 1450 189.931 602.08
1400 1500 200.396 640.312
1400 200 277.54 894.427
1400 1550 211.422 680.074
1400 1600 224.156 721.11
1400 1650 237.996 763.217
1400 1700 251.651 806.226
1400 1750 264.65 850
1400 1800 277.54 894.427
1400 1850 291.298 939.415
1400 1900 306.197 984.886
1400 250 264.65 850
1400 300 251.651 806.226
1400 350 237.996 763.217
1400 400 224.156 721.11
1400 450 211.422 680.074
1400 500 200.396 640.312
1450 50 328.016 1051.19
1450 100 313.313 1006.23
1450 550 199.341 636.396
1450 600 189.931 602.08
1450 650 179.898 570.088
1450 700 169.35 540.833
1450 750 159.475 514.782
1450 800 151.331 492.443
1450 850 145.239 474.342
1450 900 141.1 460.977
1450 950 138.707 452.769
1450 1000 137.918 450
1450 150 298.549 961.769
1450 1050 138.707 452.769
1450 1100 141.1 460.977
1450 1150 145.239 474.342
1450 1200 151.331 492.443
1450 1250 159.475 514.782
1450 1300 169.35 540.833
1450 1350 179.898 570.088
1450 1400 189.931 602.08
1450 1450 199.341 636.396
1450 1500 209.285 672.681
1450 200 284.556 917.878
1450 1550 220.782 710.634
1450 1600 233.645 750
1450 1650 246.805 790.569
1450 1700 259.441 832.166
1450 1750 271.723 874.643
1450 1800 284.556 917.878
1450 1850 298.549 961.769
1450 1900 313.313 1006.23
1450 250 271.723 874.643
1450 300 259.441 832.166
1450 350 246.805 790.569
1450 400 233.645 750
1450 450 220.782 710.634
1450 500 209.285 672.681
1500 50 335.113 1073.55
1500 100 321.042 1029.56
1500 550 209.285 672.681
1500 600 200.396 640.312
1500 650 192.28 610.328
1500 700 184.173 583.095
1500 750 176.036 559.017
1500 800 168.476 538.516
1500 850 162.217 522.015
1500 900 157.656 509.902
1500 950 154.936 502.494
1500 1000 154.032 500
1500 150 306.648 986.154
1500 1050 154.936 502.494
1500 1100 157.656 509.902
1500 1150 162.217 522.015
1500 1200 168.476 538.516
1500 1250 176.036 559.017
1500 1300 184.173 583.095
1500 1350 192.28 610.328
1500 1400 200.396 640.312
1500 1450 209.285 672.681
1500 1500 219.664 707.107
1500 200 292.528 943.398
1500 1550 231.437 743.303
1500 1600 243.76 781.025
1500 1650 255.875 820.061
1500 1700 267.607 860.233
1500 1750 279.521 901.388
1500 1800 292.528 943.398
1500 1850 306.648 986.154
1500 1900 321.042 1029.56
1500 250 279.521 901.388
1500 300 267.607 860.233
1500 350 255.875 820.061
1500 400 243.76 781.025
1500 450 231.437 743.303
1500 500 219.664 707.107
150 50 396.566 1274.75
150 100 385.733 1237.94
150 550 298.549 961.769
150 600 291.298 939.415
150 650 284.983 919.239
150 700 279.591 901.388
150 750 275.074 886.002
150 800 271.376 873.212
150 850 268.48 863.134
150 900 266.392 855.862
150 950 265.125 851.469
150 1000 264.7 850
150 150 374.837 1202.08
150 1050 265.125 851.469
150 1100 266.392 855.862
150 1150 268.48 863.134
150 1200 271.376 873.212
150 1250 275.074 886.002
150 1300 279.591 901.388
150 1350 284.983 919.239
150 1400 291.298 939.415
150 1450 298.549 961.769
150 1500 306.648 986.154
150 200 364.247 1167.26
150 1550 315.363 1012.42
150 1600 324.55 1040.43
150 1650 333.956 1070.05
150 1700 343.615 1101.14
150 1750 353.726 1133.58
150 1800 364.247 1167.26
150 1850 374.837 1202.08
150 1900 385.733 1237.94
150 250 353.726 1133.58
150 300 343.615 1101.14
150 350 333.956 1070.05
150 400 324.55 1040.43
150 450 315.363 1012.42
150 500 306.648 986.154
1550 50 342.716 1097.72
1550 100 329.187 1054.75
1550 550 220.782 710.634
1550 600 211.422 680.074
1550 650 203.511 651.92
1550 700 196.7 626.498
1550 750 190.533 604.152
1550 800 184.854 585.235
1550 850 179.897 570.088
1550 900 176.035 559.017
1550 950 173.589 552.268
1550 1000 172.757 550
1550 150 315.363 1012.42
1550 1050 173.589 552.268
1550 1100 176.035 559.017
1550 1150 179.897 570.088
1550 1200 184.854 585.235
1550 1250 190.533 604.152
1550 1300 196.7 626.498
1550 1350 203.511 651.92
1550 1400 211.422 680.074
1550 1450 220.782 710.634
1550 1500 231.437 743.303
1550 200 301.467 970.824
1550 1550 242.752 777.817
1550 1600 254.032 813.941
1550 1650 265.077 851.469
1550 1700 276.304 890.225
1550 1750 288.301 930.054
1550 1800 301.467 970.824
1550 1850 315.363 1012.42
1550 1900 329.187 1054.75
1550 250 288.301 930.054
1550 300 276.304 890.225
1550 350 265.077 851.469
1550 400 254.032 813.941
1550 450 242.752 777.817
1550 500 231.437 743.303
1600 50 350.681 1123.61
1600 100 337.717 1081.67
1600 550 233.645 750
1600 600 224.156 721.11
1600 650 215.778 694.622
1600 700 208.752 670.82
1600 750 202.991 650
1600 800 198.29 632.456
1600 850 194.525 618.466
1600 900 191.698 608.276
1600 950 189.93 602.08
1600 1000 189.333 600
1600 150 324.55 1040.43
1600 1050 189.93 602.08
1600 1100 191.698 608.276
1600 1150 194.525 618.466
1600 1200 198.29 632.456
1600 1250 202.991 650
1600 1300 208.752 670.82
1600 1350 215.778 694.622
1600 1400 224.156 721.11
1600 1450 233.645 750
1600 1500 243.76 781.025
1600 200 311.183 1000
1600 1550 254.032 813.941
1600 1600 264.284 848.528
1600 1650 274.668 884.59
1600 1700 285.828 921.954
1600 1750 298.105 960.469
1600 1800 311.183 1000
1600 1850 324.55 1040.43
1600 1900 337.717 1081.67
1600 250 298.105 960.469
1600 300 285.828 921.954
1600 350 274.668 884.59
1600 400 264.284 848.528
1600 450 254.032 813.941
1600 500 243.76 781.025
1650 50 359.201 1151.09
1650 100 346.576 1110.18
1650 550 246.805 790.569
1650 600 237.996 763.217
1650 650 229.76 738.241
1650 700 222.458 715.891
1650 750 216.323 696.419
1650 800 211.425 680.074
1650 850 207.702 667.083
1650 900 205.086 657.647
1650 950 203.525 651.92
1650 1000 203.004 650
1650 150 333.956 1070.05
1650 1050 203.525 651.92
1650 1100 205.086 657.647
1650 1150 207.702 667.083
1650 1200 211.425 680.074
1650 1250 216.323 696.419
1650 1300 222.458 715.891
1650 1350 229.76 738.241
1650 1400 237.996 763.217
1650 1450 246.805 790.569
1650 1500 255.875 820.061
1650 200 321.345 1030.78
1650 1550 265.077 851.469
1650 1600 274.668 884.59
1650 1650 285.037 919.239
1650 1700 296.472 955.249
1650 1750 308.789 992.472
1650 1800 321.345 1030.78
1650 1850 333.956 1070.05
1650 1900 346.576 1110.18
1650 250 308.789 992.472
1650 300 296.472 955.249
1650 350 285.037 919.239
1650 400 274.668 884.59
1650 450 265.077 851.469
1650 500 255.875 820.061
1700 50 368.125 1180.04
1700 100 355.738 1140.18
1700 550 259.441 832.166
1700 600 251.651 806.226
1700 650 244.266 782.624
1700 700 237.458 761.577
1700 750 231.449 743.303
1700 800 226.425 728.011
1700 850 222.496 715.891
1700 900 219.694 707.107
1700 950 218.021 701.783
1700 1000 217.466 700
1700 150 343.615 1101.14
1700 1050 218.021 701.783
1700 1100 219.694 707.107
1700 1150 222.496 715.891
1700 1200 226.425 728.011
1700 1250 231.449 743.303
1700 1300 237.458 761.577
1700 1350 244.266 782.624
1700 1400 251.651 806.226
1700 1450 259.441 832.166
1700 1500 267.607 860.233
1700 200 331.808 1063.01
1700 1550 276.304 890.225
1700 1600 285.828 921.954
1700 1650 296.472 955.249
1700 1700 307.994 989.949
1700 1750 319.962 1025.91
1700 1800 331.808 1063.01
1700 1850 343.615 1101.14
1700 1900 355.738 1140.18
1700 250 319.962 1025.91
1700 300 307.994 989.949
1700 350 296.472 955.249
1700 400 285.828 921.954
1700 450 276.304 890.225
1700 500 267.607 860.233
1750 50 377.349 1210.37
1750 100 365.335 1171.54
1750 550 271.723 874.643
1750 600 264.65 850
1750 650 258.144 827.647
1750 700 252.181 807.775
1750 750 246.841 790.569
1750 800 242.258 776.209
1750 850 238.569 764.853
1750 900 235.871 756.637
1750 950 234.227 751.665
1750 1000 233.675 750
1750 150 353.726 1133.58
1750 1050 234.227 751.665
1750 1100 235.871 756.637
1750 1150 238.569 764.853
1750 1200 242.258 776.209
1750 1250 246.841 790.569
1750 1300 252.181 807.775
1750 1350 258.144 827.647
1750 1400 264.65 850
1750 1450 271.723 874.643
1750 1500 279.521 901.388
1750 200 342.505 1096.59
1750 1550 288.301 930.054
1750 1600 298.105 960.469
1750 1650 308.789 992.472
1750 1700 319.962 1025.91
1750 1750 331.282 1060.66
1750 1800 342.505 1096.59
1750 1850 353.726 1133.58
1750 1900 365.335 1171.54
1750 250 331.282 1060.66
1750 300 319.962 1025.91
1750 350 308.789 992.472
1750 400 298.105 960.469
1750 450 288.301 930.054
1750 500 279.521 901.388
1800 50 387.108 1241.97
1800 100 375.562 1204.16
1800 550 284.556 917.878
1800 600 277.54 894.427
1800 650 271.38 873.212
1800 700 265.968 854.4
1800 750 261.255 838.153
1800 800 257.264 824.621
1800 850 254.061 813.941
1800 900 251.704 806.226
1800 950 250.27 801.561
1800 1000 249.786 800
1800 150 364.247 1167.26
1800 1050 250.27 801.561
1800 1100 251.704 806.226
1800 1150 254.061 813.941
1800 1200 257.264 824.621
1800 1250 261.255 838.153
1800 1300 265.968 854.4
1800 1350 271.38 873.212
1800 1400 277.54 894.427
1800 1450 284.556 917.878
1800 1500 292.528 943.398
1800 200 353.323 1131.37
1800 1550 301.467 970.824
1800 1600 311.183 1000
1800 1650 321.345 1030.78
1800 1700 331.808 1063.01
1800 1750 342.505 1096.59
1800 1800 353.323 1131.37
1800 1850 364.247 1167.26
1800 1900 375.562 1204.16
1800 250 342.505 1096.59
1800 300 331.808 1063.01
1800 350 321.345 1030.78
1800 400 311.183 1000
1800 450 301.467 970.824
1800 500 292.528 943.398
1850 50 396.566 1274.75
1850 100 385.733 1237.94
1850 550 298.549 961.769
1850 600 291.298 939.415
1850 650 284.983 919.239
1850 700 279.591 901.388
1850 750 275.074 886.002
1850 800 271.376 873.212
1850 850 268.48 863.134
1850 900 266.392 855.862
1850 950 265.125 851.469
1850 1000 264.7 850
1850 150 374.837 1202.08
1850 1050 265.125 851.469
1850 1100 266.392 855.862
1850 1150 268.48 863.134
1850 1200 271.376 873.212
1850 1250 275.074 886.002
1850 1300 279.591 901.388
1850 1350 284.983 919.239
1850 1400 291.298 939.415
1850 1450 298.549 961.769
1850 1500 306.648 986.154
1850 200 364.247 1167.26
1850 1550 315.363 1012.42
1850 1600 324.55 1040.43
1850 1650 333.956 1070.05
1850 1700 343.615 1101.14
1850 1750 353.726 1133.58
1850 1800 364.247 1167.26
1850 1850 374.837 1202.08
1850 1900 385.733 1237.94
1850 250 353.726 1133.58
1850 300 343.615 1101.14
1850 350 333.956 1070.05
1850 400 324.55 1040.43
1850 450 315.363 1012.42
1850 500 306.648 986.154
1900 50 405.783 1308.63
1900 100 395.806 1272.79
1900 550 313.313 1006.23
1900 600 306.197 984.886
1900 650 299.812 965.66
1900 700 294.263 948.683
1900 750 289.595 934.077
1900 800 285.812 921.954
1900 850 282.899 912.414
1900 900 280.829 905.539
1900 950 279.593 901.388
1900 1000 279.184 900
1900 150 385.733 1237.94
1900 1050 279.593 901.388
1900 1100 280.829 905.539
1900 1150 282.899 912.414
1900 1200 285.812 921.954
1900 1250 289.595 934.077
1900 1300 294.263 948.683
1900 1350 299.812 965.66
1900 1400 306.197 984.886
1900 1450 313.313 1006.23
1900 1500 321.042 1029.56
1900 200 375.562 1204.16
1900 1550 329.187 1054.75
1900 1600 337.717 1081.67
1900 1650 346.576 1110.18
1900 1700 355.738 1140.18
1900 1750 365.335 1171.54
1900 1800 375.562 1204.16
1900 1850 385.733 1237.94
1900 1900 395.806 1272.79
1900 250 365.335 1171.54
1900 300 355.738 1140.18
1900 350 346.576 1110.18
1900 400 337.717 1081.67
1900 450 329.187 1054.75
1900 500 321.042 1029.56
200 50 387.108 1241.97
200 100 375.562 1204.16
200 550 284.556 917.878
200 600 277.54 894.427
200 650 271.38 873.212
200 700 265.968 854.4
200 750 261.255 838.153
200 800 257.264 824.621
200 850 254.061 813.941
200 900 251.704 806.226
200 950 250.27 801.561
200 1000 249.786 800
200 150 364.247 1167.26
200 1050 250.27 801.561
200 1100 251.704 806.226
200 1150 254.061 813.941
200 1200 257.264 824.621
200 1250 261.255 838.153
200 1300 265.968 854.4
200 1350 271.38 873.212
200 1400 277.54 894.427
200 1450 284.556 917.878
200 1500 292.528 943.398
200 200 353.323 1131.37
200 1550 301.467 970.824
200 1600 311.183 1000
200 1650 321.345 1030.78
200 1700 331.808 1063.01
200 1750 342.505 1096.59
200 1800 353.323 1131.37
200 1850 364.247 1167.26
200 1900 375.562 1204.16
200 250 342.505 1096.59
200 300 331.808 1063.01
200 350 321.345 1030.78
200 400 311.183 1000
200 450 301.467 970.824
200 500 292.528 943.398
250 50 377.349 1210.37
250 100 365.335 1171.54
250 550 271.723 874.643
250 600 264.65 850
250 650 258.144 827.647
250 700 252.181 807.775
250 750 246.841 790.569
250 800 242.258 776.209
250 850 238.569 764.853
250 900 235.871 756.637
250 950 234.227 751.665
250 1000 233.675 750
250 150 353.726 1133.58
250 1050 234.227 751.665
250 1100 235.871 756.637
250 1150 238.569 764.853
250 1200 242.258 776.209
250 1250 246.841 790.569
250 1300 252.181 807.775
250 1350 258.144 827.647
250 1400 264.65 850
250 1450 271.723 874.643
250 1500 279.521 901.388
250 200 342.505 1096.59
250 1550 288.301 930.054
250 1600 298.105 960.469
250 1650 308.789 992.472
250 1700 319.962 1025.91
250 1750 331.282 1060.66
250 1800 342.505 1096.59
250 1850 353.726 1133.58
250 1900 365.335 1171.54
250 250 331.282 1060.66
250 300 319.962 1025.91
250 350 308.789 992.472
250 400 298.105 960.469
250 450 288.301 930.054
250 500 279.521 901.388
300 50 368.125 1180.04
300 100 355.738 1140.18
300 550 259.441 832.166
300 600 251.651 806.226
300 650 244.266 782.624
300 700 237.458 761.577
300 750 231.449 743.303
300 800 226.425 728.011
300 850 222.496 715.891
300 900 219.694 707.107
300 950 218.021 701.783
300 1000 217.466 700
300 150 343.615 1101.14
300 1050 218.021 701.783
300 1100 219.694 707.107
300 1150 222.496 715.891
300 1200 226.425 728.011
300 1250 231.449 743.303
300 1300 237.458 761.577
300 1350 244.266 782.624
300 1400 251.651 806.226
300 1450 259.441 832.166
300 1500 267.607 860.233
300 200 331.808 1063.01
300 1550 276.304 890.225
300 1600 285.828 921.954
300 1650 296.472 955.249
300 1700 307.994 989.949
300 1750 319.962 1025.91
300 1800 331.808 1063.01
300 1850 343.615 1101.14
300 1900 355.738 1140.18
300 250 319.962 1025.91
300 300 307.994 989.949
300 350 296.472 955.249
300 400 285.828 921.954
300 450 276.304 890.225
300 500 267.607 860.233
350 50 359.201 1151.09
350 100 346.576 1110.18
350 550 246.805 790.569
350 600 237.996 763.217
350 650 229.76 738.241
350 700 222.458 715.891
350 750 216.323 696.419
350 800 211.425 680.074
350 850 207.702 667.083
350 900 205.086 657.647
350 950 203.525 651.92
350 1000 203.004 650
350 150 333.956 1070.05
350 1050 203.525 651.92
350 1100 205.086 657.647
350 1150 207.702 667.083
350 1200 211.425 680.074
350 1250 216.323 696.419
350 1300 222.458 715.891
350 1350 229.76 738.241
350 1400 237.996 763.217
350 1450 246.805 790.569
350 1500 255.875 820.061
350 200 321.345 1030.78
350 1550 265.077 851.469
350 1600 274.668 884.59
350 1650 285.037 919.239
350 1700 296.472 955.249
350 1750 308.789 992.472
350 1800 321.345 1030.78
350 1850 333.956 1070.05
350 1900 346.576 1110.18
350 250 308.789 992.472
350 300 296.472 955.249
350 350 285.037 919.239
350 400 274.668 884.59
350 450 265.077 851.469
350 500 255.875 820.061
400 50 350.681 1123.61
400 100 337.717 1081.67
400 550 233.645 750
400 600 224.156 721.11
400 650 215.778 694.622
400 700 208.752 670.82
400 750 202.991 650
400 800 198.29 632.456
400 850 194.525 618.466
400 900 191.698 608.276
400 950 189.93 602.08
400 1000 189.333 600
400 150 324.55 1040.43
400 1050 189.93 602.08
400 1100 191.698 608.276
400 1150 194.525 618.466
400 1200 198.29 632.456
400 1250 202.991 650
400 1300 208.752 670.82
400 1350 215.778 694.622
400 1400 224.156 721.11
400 1450 233.645 750
400 1500 243.76 781.025
400 200 311.183 1000
400 1550 254.032 813.941
400 1600 264.284 848.528
400 1650 274.668 884.59
400 1700 285.828 921.954
400 1750 298.105 960.469
400 1800 311.183 1000
400 1850 324.55 1040.43
400 1900 337.717 1081.67
400 250 298.105 960.469
400 300 285.828 921.954
400 350 274.668 884.59
400 400 264.284 848.528
400 450 254.032 813.941
400 500 243.76 781.025
450 50 342.716 1097.72
450 100 329.187 1054.75
450 550 220.782 710.634
450 600 211.422 680.074
450 650 203.511 651.92
450 700 196.7 626.498
450 750 190.533 604.152
450 800 184.854 585.235
450 850 179.897 570.088
450 900 176.035 559.017
450 950 173.589 552.268
450 1000 172.757 550
450 150 315.363 1012.42
450 1050 173.589 552.268
450 1100 176.035 559.017
450 1150 179.897 570.088
450 1200 184.854 585.235
450 1250 190.533 604.152
450 1300 196.7 626.498
450 1350 203.511 651.92
450 1400 211.422 680.074
450 1450 220.782 710.634
450 1500 231.437 743.303
450 200 301.467 970.824
450 1550 242.752 777.817
450 1600 254.032 813.941
450 1650 265.077 851.469
450 1700 276.304 890.225
450 1750 288.301 930.054
450 1800 301.467 970.824
450 1850 315.363 1012.42
450 1900 329.187 1054.75
450 250 288.301 930.054
450 300 276.304 890.225
450 350 265.077 851.469
450 400 254.032 813.941
450 450 242.752 777.817
450 500 231.437 743.303
500 50 335.113 1073.55
500 100 321.042 1029.56
500 550 209.285 672.681
500 600 200.396 640.312
500 650 192.28 610.328
500 700 184.173 583.095
500 750 176.036 559.017
500 800 168.476 538.516
500 850 162.217 522.015
500 900 157.656 509.902
500 950 154.936 502.494
500 1000 154.032 500
500 150 306.648 986.154
500 1050 154.936 502.494
500 1100 157.656 509.902
500 1150 162.217 522.015
500 1200 168.476 538.516
500 1250 176.036 559.017
500 1300 184.173 583.095
500 1350 192.28 610.328
500 1400 200.396 640.312
500 1450 209.285 672.681
500 1500 219.664 707.107
500 200 292.528 943.398
500 1550 231.437 743.303
500 1600 243.76 781.025
500 1650 255.875 820.061
500 1700 267.607 860.233
500 1750 279.521 901.388
500 1800 292.528 943.398
500 1850 306.648 986.154
500 1900 321.042 1029.56
500 250 279.521 901.388
500 300 267.607 860.233
500 350 255.875 820.061
500 400 243.76 781.025
500 450 231.437 743.303
500 500 219.664 707.107
