50 50 439.511 1343.5
50 100 428.46 1308.63
50 550 346.878 1051.19
50 600 340.309 1030.78
50 650 334.559 1012.42
50 150 417.778 1274.75
50 1350 334.559 1012.42
50 1400 340.309 1030.78
50 1450 346.878 1051.19
50 1500 353.925 1073.55
50 200 407.312 1241.97
50 1550 361.602 1097.72
50 1600 369.831 1123.61
50 1650 378.53 1151.09
50 1700 387.709 1180.04
50 1750 397.358 1210.37
50 1800 407.312 1241.97
50 1850 417.778 1274.75
50 1900 428.46 1308.63
50 250 397.358 1210.37
50 300 387.709 1180.04
50 350 378.53 1151.09
50 400 369.831 1123.61
50 450 361.602 1097.72
50 500 353.925 1073.55
550 50 346.878 1051.19
550 100 332.649 1006.23
550 1900 332.649 1006.23
600 50 340.309 1030.78
650 50 334.559 1012.42
1000 1000 nan 0
100 50 428.46 1308.63
100 100 417.161 1272.79
100 550 332.649 1006.23
100 150 406.05 1237.94
100 1450 332.649 1006.23
100 1500 339.956 1029.56
100 200 395.366 1204.16
100 1550 348.047 1054.75
100 1600 356.486 1081.67
100 1650 365.625 1110.18
100 1700 375.043 1140.18
100 1750 385.061 1171.54
100 1800 395.366 1204.16
100 1850 406.05 1237.94
100 1900 417.161 1272.79
100 250 385.061 1171.54
100 300 375.043 1140.18
100 350 365.625 1110.18
100 400 356.486 1081.67
100 450 348.047 1054.75
100 500 339.956 1029.56
1350 50 334.559 1012.42
1400 50 340.309 1030.78
1450 50 346.878 1051.19
1450 100 332.649 1006.23
1450 1900 332.649 1006.23
1500 50 353.925 1073.55
1500 100 339.956 1029.56
1500 1900 339.956 1029.56
150 50 417.778 1274.75
150 100 406.05 1237.94
150 150 394.699 1202.08
150 200 383.722 1167.26
150 1550 334.618 1012.42
150 1600 343.453 1040.43
150 1650 352.872 1070.05
150 1700 362.737 1101.14
150 1750 372.967 1133.58
150 1800 383.722 1167.26
150 1850 394.699 1202.08
150 1900 406.05 1237.94
150 250 372.967 1133.58
150 300 362.737 1101.14
150 350 352.872 1070.05
150 400 343.453 1040.43
150 450 334.618 1012.42
1550 50 361.602 1097.72
1550 100 348.047 1054.75
1550 150 334.618 1012.42
1550 1850 334.618 1012.42
1550 1900 348.047 1054.75
1600 50 369.831 1123.61
1600 100 356.486 1081.67
1600 150 343.453 1040.43
1600 1850 343.453 1040.43
1600 1900 356.486 1081.67
1650 50 378.53 1151.09
1650 100 365.625 1110.18
1650 150 352.872 1070.05
1650 200 340.374 1030.78
1650 1800 340.374 1030.78
1650 1850 352.872 1070.05
1650 1900 365.625 1110.18
1700 50 387.709 1180.04
1700 100 375.043 1140.18
1700 150 362.737 1101.14
1700 200 350.685 1063.01
1700 1750 338.847 1025.91
1700 1800 350.685 1063.01
1700 1850 362.737 1101.14
1700 1900 375.043 1140.18
1700 250 338.847 1025.91
1750 50 397.358 1210.37
1750 100 385.061 1171.54
1750 150 372.967 1133.58
1750 200 361.273 1096.59
1750 1700 338.847 1025.91
1750 1750 349.948 1060.66
1750 1800 361.273 1096.59
1750 1850 372.967 1133.58
1750 1900 385.061 1171.54
1750 250 349.948 1060.66
1750 300 338.847 1025.91
1800 50 407.312 1241.97
1800 100 395.366 1204.16
1800 150 383.722 1167.26
1800 200 372.276 1131.37
1800 1650 340.374 1030.78
1800 1700 350.685 1063.01
1800 1750 361.273 1096.59
1800 1800 372.276 1131.37
1800 1850 383.722 1167.26
1800 1900 395.366 1204.16
1800 250 361.273 1096.59
1800 300 350.685 1063.01
1800 350 340.374 1030.78
1850 50 417.778 1274.75
1850 100 406.05 1237.94
1850 150 394.699 1202.08
1850 200 383.722 1167.26
1850 1550 334.618 1012.42
1850 1600 343.453 1040.43
1850 1650 352.872 1070.05
1850 1700 362.737 1101.14
1850 1750 372.967 1133.58
1850 1800 383.722 1167.26
1850 1850 394.699 1202.08
1850 1900 406.05 1237.94
1850 250 372.967 1133.58
1850 300 362.737 1101.14
1850 350 352.872 1070.05
1850 400 343.453 1040.43
1850 450 334.618 1012.42
1900 50 428.46 1308.63
1900 100 417.161 1272.79
1900 550 332.649 1006.23
1900 150 406.05 1237.94
1900 1450 332.649 1006.23
1900 1500 339.956 1029.56
1900 200 395.366 1204.16
1900 1550 348.047 1054.75
1900 1600 356.486 1081.67
1900 1650 365.625 1110.18
1900 1700 375.043 1140.18
1900 1750 385.061 1171.54
1900 1800 395.366 1204.16
1900 1850 406.05 1237.94
1900 1900 417.161 1272.79
1900 250 385.061 1171.54
1900 300 375.043 1140.18
1900 350 365.625 1110.18
1900 400 356.486 1081.67
1900 450 348.047 1054.75
1900 500 339.956 1029.56
200 50 407.312 1241.97
200 100 395.366 1204.16
200 150 383.722 1167.26
200 200 372.276 1131.37
200 1650 340.374 1030.78
200 1700 350.685 1063.01
200 1750 361.273 1096.59
200 1800 372.276 1131.37
200 1850 383.722 1167.26
200 1900 395.366 1204.16
200 250 361.273 1096.59
200 300 350.685 1063.01
200 350 340.374 1030.78
250 50 397.358 1210.37
250 100 385.061 1171.54
250 150 372.967 1133.58
250 200 361.273 1096.59
250 1700 338.847 1025.91
250 1750 349.948 1060.66
250 1800 361.273 1096.59
250 1850 372.967 1133.58
250 1900 385.061 1171.54
250 250 349.948 1060.66
250 300 338.847 1025.91
300 50 387.709 1180.04
300 100 375.043 1140.18
300 150 362.737 1101.14
300 200 350.685 1063.01
300 1750 338.847 1025.91
300 1800 350.685 1063.01
300 1850 362.737 1101.14
300 1900 375.043 1140.18
300 250 338.847 1025.91
350 50 378.53 1151.09
350 100 365.625 1110.18
350 150 352.872 1070.05
350 200 340.374 1030.78
350 1800 340.374 1030.78
350 1850 352.872 1070.05
350 1900 365.625 1110.18
400 50 369.831 1123.61
400 100 356.486 1081.67
400 150 343.453 1040.43
400 1850 343.453 1040.43
400 1900 356.486 1081.67
450 50 361.602 1097.72
450 100 348.047 1054.75
450 150 334.618 1012.42
450 1850 334.618 1012.42
450 1900 348.047 1054.75
500 50 353.925 1073.55
500 100 339.956 1029.56
500 1900 339.956 1029.56
