1000 1000 -0 0
1500 1000 2.79966 500
1505 1000 2.8014 505
1510 1000 2.80308 510
1515 1000 2.8047 515
1520 1000 2.80628 520
1525 1000 2.80782 525
1530 1000 2.80932 530
1535 1000 2.81079 535
1540 1000 2.81224 540
1545 1000 2.81368 545
1050 1000 1.58831 50
1550 1000 2.8151 550
1555 1000 2.81651 555
1560 1000 2.81792 560
1565 1000 2.81932 565
1570 1000 2.82073 570
1575 1000 2.82214 575
1580 1000 2.82357 580
1585 1000 2.82501 585
1590 1000 2.82646 590
1595 1000 2.82793 595
1055 1000 1.66281 55
1600 1000 2.82939 600
1605 1000 2.83086 605
1610 1000 2.83233 610
1615 1000 2.83379 615
1620 1000 2.83524 620
1625 1000 2.8367 625
1630 1000 2.83814 630
1635 1000 2.83958 635
1640 1000 2.84099 640
1645 1000 2.84238 645
1060 1000 1.72881 60
1650 1000 2.84374 650
1655 1000 2.84506 655
1660 1000 2.84635 660
1665 1000 2.84762 665
1670 1000 2.84886 670
1675 1000 2.85008 675
1680 1000 2.85125 680
1685 1000 2.85238 685
1690 1000 2.85346 690
1695 1000 2.8545 695
1065 1000 1.78847 65
1700 1000 2.8555 700
1705 1000 2.85649 705
1710 1000 2.85746 710
1715 1000 2.85841 715
1720 1000 2.85933 720
1725 1000 2.86023 725
1730 1000 2.86111 730
1735 1000 2.86197 735
1740 1000 2.86282 740
1745 1000 2.86365 745
1070 1000 1.8435 70
1750 1000 2.86446 750
1755 1000 2.86526 755
1760 1000 2.86605 760
1765 1000 2.86685 765
1770 1000 2.86765 770
1775 1000 2.86844 775
1780 1000 2.86922 780
1785 1000 2.87 785
1790 1000 2.87078 790
1795 1000 2.87157 795
1075 1000 1.89421 75
1800 1000 2.87235 800
1805 1000 2.87313 805
1810 1000 2.87391 810
1815 1000 2.87467 815
1820 1000 2.87543 820
1825 1000 2.87618 825
1830 1000 2.87693 830
1835 1000 2.87766 835
1840 1000 2.87838 840
1845 1000 2.87909 845
1080 1000 1.9404 80
1850 1000 2.87981 850
1855 1000 2.88054 855
1860 1000 2.88127 860
1865 1000 2.88199 865
1870 1000 2.88269 870
1875 1000 2.88338 875
1880 1000 2.88406 880
1885 1000 2.88472 885
1890 1000 2.88536 890
1895 1000 2.88599 895
1085 1000 1.98222 85
1900 1000 2.88659 900
1905 1000 2.88718 905
1910 1000 2.88779 910
1915 1000 2.88843 915
1920 1000 2.88908 920
1925 1000 2.88973 925
1930 1000 2.89034 930
1935 1000 2.89088 935
1940 1000 2.89136 940
1945 1000 2.89183 945
1090 1000 2.02025 90
1950 1000 2.89234 950
1955 1000 2.8929 955
1960 1000 2.8935 960
1965 1000 2.89407 965
1970 1000 2.89457 970
1975 1000 2.89499 975
1980 1000 2.89469 980
1985 1000 2.88845 985
1990 1000 2.84561 990
1995 1000 2.81435 995
1095 1000 2.05517 95
1005 1000 1.55963 5
1100 1000 2.08765 100
1105 1000 2.11823 105
1110 1000 2.14739 110
1115 1000 2.17556 115
1120 1000 2.20311 120
1125 1000 2.23033 125
1130 1000 2.25737 130
1135 1000 2.28431 135
1140 1000 2.31113 140
1145 1000 2.33773 145
1010 1000 1.8808 10
1150 1000 2.36397 150
1155 1000 2.38966 155
1160 1000 2.41458 160
1165 1000 2.4385 165
1170 1000 2.4612 170
1175 1000 2.48246 175
1180 1000 2.50206 180
1185 1000 2.51989 185
1190 1000 2.53588 190
1195 1000 2.55004 195
1015 1000 0.858863 15
1200 1000 2.56244 200
1205 1000 2.57321 205
1210 1000 2.58253 210
1215 1000 2.59059 215
1220 1000 2.59761 220
1225 1000 2.60381 225
1230 1000 2.6094 230
1235 1000 2.6145 235
1240 1000 2.61923 240
1245 1000 2.62368 245
1020 1000 0.997264 20
1250 1000 2.6279 250
1255 1000 2.63196 255
1260 1000 2.6359 260
1265 1000 2.63975 265
1270 1000 2.64354 270
1275 1000 2.64731 275
1280 1000 2.65107 280
1285 1000 2.65485 285
1290 1000 2.65867 290
1295 1000 2.66253 295
1025 1000 1.11674 25
1300 1000 2.66645 300
1305 1000 2.67044 305
1310 1000 2.6745 310
1315 1000 2.67863 315
1320 1000 2.68281 320
1325 1000 2.68705 325
1330 1000 2.69134 330
1335 1000 2.69565 335
1340 1000 2.69997 340
1345 1000 2.70429 345
1030 1000 1.22563 30
1350 1000 2.70858 350
1355 1000 2.71282 355
1360 1000 2.71701 360
1365 1000 2.72113 365
1370 1000 2.72516 370
1375 1000 2.72911 375
1380 1000 2.73296 380
1385 1000 2.73672 385
1390 1000 2.7404 390
1395 1000 2.74398 395
1035 1000 1.3255 35
1400 1000 2.74748 400
1405 1000 2.7509 405
1410 1000 2.75423 410
1415 1000 2.75749 415
1420 1000 2.76067 420
1425 1000 2.76377 425
1430 1000 2.76678 430
1435 1000 2.76972 435
1440 1000 2.77256 440
1445 1000 2.77532 445
1040 1000 1.41821 40
1450 1000 2.77798 450
1455 1000 2.78055 455
1460 1000 2.78303 460
1465 1000 2.78541 465
1470 1000 2.7877 470
1475 1000 2.7899 475
1480 1000 2.79201 480
1485 1000 2.79404 485
1490 1000 2.79599 490
1495 1000 2.79786 495
1045 1000 1.50538 45
