1000 1000 -0 0
1500 1000 2.72639 500
1505 1000 2.7283 505
1510 1000 2.73018 510
1515 1000 2.73204 515
1520 1000 2.73387 520
1525 1000 2.73568 525
1530 1000 2.73745 530
1535 1000 2.7392 535
1540 1000 2.74091 540
1545 1000 2.74258 545
1050 1000 1.59576 50
1550 1000 2.74422 550
1555 1000 2.74585 555
1560 1000 2.74744 560
1565 1000 2.74901 565
1570 1000 2.75054 570
1575 1000 2.75205 575
1580 1000 2.75352 580
1585 1000 2.75497 585
1590 1000 2.75641 590
1595 1000 2.75781 595
1055 1000 1.66838 55
1600 1000 2.75919 600
1605 1000 2.76053 605
1610 1000 2.76185 610
1615 1000 2.76315 615
1620 1000 2.76443 620
1625 1000 2.76569 625
1630 1000 2.76691 630
1635 1000 2.76811 635
1640 1000 2.76928 640
1645 1000 2.77044 645
1060 1000 1.73252 60
1650 1000 2.7716 650
1655 1000 2.77275 655
1660 1000 2.77387 660
1665 1000 2.77496 665
1670 1000 2.77603 670
1675 1000 2.7771 675
1680 1000 2.77816 680
1685 1000 2.7792 685
1690 1000 2.78023 690
1695 1000 2.78126 695
1065 1000 1.78969 65
1700 1000 2.78227 700
1705 1000 2.78326 705
1710 1000 2.78423 710
1715 1000 2.78518 715
1720 1000 2.78614 720
1725 1000 2.78709 725
1730 1000 2.78803 730
1735 1000 2.78895 735
1740 1000 2.78986 740
1745 1000 2.79075 745
1070 1000 1.84128 70
1750 1000 2.79163 750
1755 1000 2.7925 755
1760 1000 2.79337 760
1765 1000 2.79422 765
1770 1000 2.79506 770
1775 1000 2.79589 775
1780 1000 2.79672 780
1785 1000 2.79753 785
1790 1000 2.79832 790
1795 1000 2.7991 795
1075 1000 1.88817 75
1800 1000 2.79987 800
1805 1000 2.80064 805
1810 1000 2.80141 810
1815 1000 2.80217 815
1820 1000 2.80291 820
1825 1000 2.80363 825
1830 1000 2.80436 830
1835 1000 2.80508 835
1840 1000 2.80579 840
1845 1000 2.80648 845
1080 1000 1.93127 80
1850 1000 2.80716 850
1855 1000 2.80785 855
1860 1000 2.80852 860
1865 1000 2.80919 865
1870 1000 2.80984 870
1875 1000 2.81049 875
1880 1000 2.81114 880
1885 1000 2.81179 885
1890 1000 2.81241 890
1895 1000 2.81302 895
1085 1000 1.97155 85
1900 1000 2.81363 900
1905 1000 2.81425 905
1910 1000 2.81486 910
1915 1000 2.81546 915
1920 1000 2.81605 920
1925 1000 2.81663 925
1930 1000 2.81722 930
1935 1000 2.81779 935
1940 1000 2.81835 940
1945 1000 2.81892 945
1090 1000 2.00989 90
1950 1000 2.81947 950
1955 1000 2.82002 955
1960 1000 2.82056 960
1965 1000 2.8211 965
1970 1000 2.82169 970
1975 1000 2.82229 975
1980 1000 2.82213 980
1985 1000 2.81623 985
1990 1000 2.77884 990
1995 1000 2.75411 995
1095 1000 2.04681 95
1005 1000 1.4506 5
1100 1000 2.0826 100
1105 1000 2.11738 105
1110 1000 2.15117 110
1115 1000 2.18389 115
1120 1000 2.21534 120
1125 1000 2.24523 125
1130 1000 2.27321 130
1135 1000 2.29891 135
1140 1000 2.32209 140
1145 1000 2.3427 145
1010 1000 1.74126 10
1150 1000 2.36091 150
1155 1000 2.37709 155
1160 1000 2.39167 160
1165 1000 2.40506 165
1170 1000 2.41754 170
1175 1000 2.42932 175
1180 1000 2.44036 180
1185 1000 2.45063 185
1190 1000 2.46006 190
1195 1000 2.46867 195
1015 1000 0.840679 15
1200 1000 2.47652 200
1205 1000 2.48376 205
1210 1000 2.49056 210
1215 1000 2.49711 215
1220 1000 2.50352 220
1225 1000 2.50985 225
1230 1000 2.51612 230
1235 1000 2.52233 235
1240 1000 2.52845 240
1245 1000 2.53451 245
1020 1000 0.987591 20
1250 1000 2.54049 250
1255 1000 2.54645 255
1260 1000 2.5524 260
1265 1000 2.55837 265
1270 1000 2.56436 270
1275 1000 2.57038 275
1280 1000 2.5764 280
1285 1000 2.5824 285
1290 1000 2.58835 290
1295 1000 2.5942 295
1025 1000 1.11392 25
1300 1000 2.59993 300
1305 1000 2.60551 305
1310 1000 2.61092 310
1315 1000 2.61616 315
1320 1000 2.62122 320
1325 1000 2.62609 325
1330 1000 2.63078 330
1335 1000 2.63529 335
1340 1000 2.63963 340
1345 1000 2.64379 345
1030 1000 1.22833 30
1350 1000 2.6478 350
1355 1000 2.65165 355
1360 1000 2.65537 360
1365 1000 2.65895 365
1370 1000 2.66241 370
1375 1000 2.66576 375
1380 1000 2.669 380
1385 1000 2.67215 385
1390 1000 2.67522 390
1395 1000 2.6782 395
1035 1000 1.33187 35
1400 1000 2.68109 400
1405 1000 2.68391 405
1410 1000 2.68664 410
1415 1000 2.6893 415
1420 1000 2.69188 420
1425 1000 2.69438 425
1430 1000 2.69681 430
1435 1000 2.69918 435
1440 1000 2.70149 440
1445 1000 2.70375 445
1040 1000 1.42669 40
1450 1000 2.70596 450
1455 1000 2.70814 455
1460 1000 2.71028 460
1465 1000 2.71238 465
1470 1000 2.71446 470
1475 1000 2.7165 475
1480 1000 2.71853 480
1485 1000 2.72052 485
1490 1000 2.7225 490
1495 1000 2.72445 495
1045 1000 1.51445 45
