1000 1000 -0 0
1500 1000 2.96988 500
1505 1000 2.97149 505
1510 1000 2.97304 510
1515 1000 2.97454 515
1520 1000 2.976 520
1525 1000 2.97744 525
1530 1000 2.97885 530
1535 1000 2.98026 535
1540 1000 2.98166 540
1545 1000 2.98305 545
1050 1000 1.60377 50
1550 1000 2.98445 550
1555 1000 2.98586 555
1560 1000 2.98727 560
1565 1000 2.9887 565
1570 1000 2.99014 570
1575 1000 2.99158 575
1580 1000 2.99304 580
1585 1000 2.9945 585
1590 1000 2.99597 590
1595 1000 2.99743 595
1055 1000 1.68297 55
1600 1000 2.9989 600
1605 1000 3.00038 605
1610 1000 3.00186 610
1615 1000 3.00336 615
1620 1000 3.00487 620
1625 1000 3.00639 625
1630 1000 3.00793 630
1635 1000 3.00947 635
1640 1000 3.01101 640
1645 1000 3.01256 645
1060 1000 1.75379 60
1650 1000 3.01411 650
1655 1000 3.01566 655
1660 1000 3.01723 660
1665 1000 3.01879 665
1670 1000 3.02037 670
1675 1000 3.02193 675
1680 1000 3.02349 680
1685 1000 3.02503 685
1690 1000 3.02655 690
1695 1000 3.02806 695
1065 1000 1.81853 65
1700 1000 3.02956 700
1705 1000 3.03106 705
1710 1000 3.03254 710
1715 1000 3.03399 715
1720 1000 3.03542 720
1725 1000 3.03683 725
1730 1000 3.0382 730
1735 1000 3.03956 735
1740 1000 3.0409 740
1745 1000 3.04223 745
1070 1000 1.87951 70
1750 1000 3.04352 750
1755 1000 3.04477 755
1760 1000 3.04597 760
1765 1000 3.04713 765
1770 1000 3.04825 770
1775 1000 3.04935 775
1780 1000 3.05043 780
1785 1000 3.05151 785
1790 1000 3.05258 790
1795 1000 3.05363 795
1075 1000 1.93706 75
1800 1000 3.05466 800
1805 1000 3.05566 805
1810 1000 3.05664 810
1815 1000 3.05759 815
1820 1000 3.05851 820
1825 1000 3.05942 825
1830 1000 3.06031 830
1835 1000 3.06121 835
1840 1000 3.06211 840
1845 1000 3.06303 845
1080 1000 1.99002 80
1850 1000 3.06395 850
1855 1000 3.06486 855
1860 1000 3.06575 860
1865 1000 3.06659 865
1870 1000 3.06738 870
1875 1000 3.06813 875
1880 1000 3.06886 880
1885 1000 3.0696 885
1890 1000 3.07036 890
1895 1000 3.07118 895
1085 1000 2.03814 85
1900 1000 3.07202 900
1905 1000 3.07285 905
1910 1000 3.07363 910
1915 1000 3.07433 915
1920 1000 3.07494 920
1925 1000 3.07548 925
1930 1000 3.076 930
1935 1000 3.07658 935
1940 1000 3.07726 940
1945 1000 3.07805 945
1090 1000 2.08156 90
1950 1000 3.0789 950
1955 1000 3.07976 955
1960 1000 3.08055 960
1965 1000 3.08125 965
1970 1000 3.08185 970
1975 1000 3.08242 975
1980 1000 3.08232 980
1985 1000 3.07634 985
1990 1000 3.03119 990
1995 1000 2.97872 995
1095 1000 2.12077 95
1005 1000 1.64173 5
1100 1000 2.15635 100
1105 1000 2.18877 105
1110 1000 2.21847 110
1115 1000 2.24587 115
1120 1000 2.27143 120
1125 1000 2.29562 125
1130 1000 2.31886 130
1135 1000 2.34154 135
1140 1000 2.36398 140
1145 1000 2.38638 145
1010 1000 1.94314 10
1150 1000 2.40889 150
1155 1000 2.43156 155
1160 1000 2.45441 160
1165 1000 2.47741 165
1170 1000 2.50049 170
1175 1000 2.52356 175
1180 1000 2.54651 180
1185 1000 2.56923 185
1190 1000 2.5916 190
1195 1000 2.61349 195
1015 1000 0.909051 15
1200 1000 2.63479 200
1205 1000 2.65538 205
1210 1000 2.67515 210
1215 1000 2.69399 215
1220 1000 2.71182 220
1225 1000 2.72854 225
1230 1000 2.74409 230
1235 1000 2.75836 235
1240 1000 2.77125 240
1245 1000 2.78284 245
1020 1000 1.03393 20
1250 1000 2.79314 250
1255 1000 2.8022 255
1260 1000 2.81007 260
1265 1000 2.81683 265
1270 1000 2.82258 270
1275 1000 2.82742 275
1280 1000 2.83149 280
1285 1000 2.83491 285
1290 1000 2.8378 290
1295 1000 2.84028 295
1025 1000 1.14254 25
1300 1000 2.84248 300
1305 1000 2.84452 305
1310 1000 2.84648 310
1315 1000 2.84844 315
1320 1000 2.85046 320
1325 1000 2.85259 325
1330 1000 2.85487 330
1335 1000 2.85734 335
1340 1000 2.86 340
1345 1000 2.86288 345
1030 1000 1.24448 30
1350 1000 2.86599 350
1355 1000 2.86931 355
1360 1000 2.87286 360
1365 1000 2.8766 365
1370 1000 2.88054 370
1375 1000 2.88464 375
1380 1000 2.88889 380
1385 1000 2.89326 385
1390 1000 2.89772 390
1395 1000 2.90223 395
1035 1000 1.34007 35
1400 1000 2.90677 400
1405 1000 2.9113 405
1410 1000 2.91578 410
1415 1000 2.9202 415
1420 1000 2.92451 420
1425 1000 2.92869 425
1430 1000 2.93272 430
1435 1000 2.93658 435
1440 1000 2.94025 440
1445 1000 2.94372 445
1040 1000 1.43026 40
1450 1000 2.94699 450
1455 1000 2.95006 455
1460 1000 2.95292 460
1465 1000 2.95559 465
1470 1000 2.95807 470
1475 1000 2.96038 475
1480 1000 2.96253 480
1485 1000 2.96454 485
1490 1000 2.96643 490
1495 1000 2.9682 495
1045 1000 1.51731 45
