1000 1000 -0 0
1500 1000 2.78706 500
1505 1000 2.78919 505
1510 1000 2.79132 510
1515 1000 2.79343 515
1520 1000 2.79551 520
1525 1000 2.79755 525
1530 1000 2.79955 530
1535 1000 2.80149 535
1540 1000 2.80338 540
1545 1000 2.80521 545
1050 1000 1.6424 50
1550 1000 2.80699 550
1555 1000 2.80872 555
1560 1000 2.81039 560
1565 1000 2.81201 565
1570 1000 2.8136 570
1575 1000 2.81515 575
1580 1000 2.81668 580
1585 1000 2.81819 585
1590 1000 2.81969 590
1595 1000 2.82119 595
1055 1000 1.71633 55
1600 1000 2.82269 600
1605 1000 2.82418 605
1610 1000 2.82568 610
1615 1000 2.82716 615
1620 1000 2.82861 620
1625 1000 2.83005 625
1630 1000 2.83146 630
1635 1000 2.83285 635
1640 1000 2.83421 640
1645 1000 2.83555 645
1060 1000 1.7798 60
1650 1000 2.83684 650
1655 1000 2.83811 655
1660 1000 2.83936 660
1665 1000 2.84058 665
1670 1000 2.84178 670
1675 1000 2.84296 675
1680 1000 2.84411 680
1685 1000 2.84526 685
1690 1000 2.8464 690
1695 1000 2.84753 695
1065 1000 1.83575 65
1700 1000 2.84865 700
1705 1000 2.84975 705
1710 1000 2.85087 710
1715 1000 2.85197 715
1720 1000 2.85305 720
1725 1000 2.85412 725
1730 1000 2.85518 730
1735 1000 2.85623 735
1740 1000 2.85726 740
1745 1000 2.85827 745
1070 1000 1.88797 70
1750 1000 2.85926 750
1755 1000 2.86024 755
1760 1000 2.8612 760
1765 1000 2.86214 765
1770 1000 2.86307 770
1775 1000 2.86399 775
1780 1000 2.86489 780
1785 1000 2.86579 785
1790 1000 2.86667 790
1795 1000 2.86755 795
1075 1000 1.93847 75
1800 1000 2.86842 800
1805 1000 2.86929 805
1810 1000 2.87015 810
1815 1000 2.871 815
1820 1000 2.87184 820
1825 1000 2.87267 825
1830 1000 2.8735 830
1835 1000 2.87432 835
1840 1000 2.87512 840
1845 1000 2.87591 845
1080 1000 1.98728 80
1850 1000 2.8767 850
1855 1000 2.87747 855
1860 1000 2.87822 860
1865 1000 2.87897 865
1870 1000 2.87973 870
1875 1000 2.88047 875
1880 1000 2.88118 880
1885 1000 2.88188 885
1890 1000 2.88261 890
1895 1000 2.88332 895
1085 1000 2.03369 85
1900 1000 2.88402 900
1905 1000 2.88472 905
1910 1000 2.88539 910
1915 1000 2.88607 915
1920 1000 2.88676 920
1925 1000 2.88741 925
1930 1000 2.88806 930
1935 1000 2.88875 935
1940 1000 2.88939 940
1945 1000 2.89 945
1090 1000 2.07713 90
1950 1000 2.89067 950
1955 1000 2.89128 955
1960 1000 2.89188 960
1965 1000 2.89254 965
1970 1000 2.89309 970
1975 1000 2.89371 975
1980 1000 2.89365 980
1985 1000 2.88754 985
1990 1000 2.85622 990
1995 1000 2.84024 995
1095 1000 2.11724 95
1005 1000 1.47937 5
1100 1000 2.15373 100
1105 1000 2.18642 105
1110 1000 2.21542 110
1115 1000 2.24131 115
1120 1000 2.26493 120
1125 1000 2.28704 125
1130 1000 2.308 130
1135 1000 2.32781 135
1140 1000 2.34632 140
1145 1000 2.3634 145
1010 1000 1.54133 10
1150 1000 2.37908 150
1155 1000 2.39353 155
1160 1000 2.4069 160
1165 1000 2.41933 165
1170 1000 2.43096 170
1175 1000 2.44205 175
1180 1000 2.45298 180
1185 1000 2.4641 185
1190 1000 2.47558 190
1195 1000 2.48736 195
1015 1000 0.881836 15
1200 1000 2.49926 200
1205 1000 2.51111 205
1210 1000 2.52281 210
1215 1000 2.53427 215
1220 1000 2.54535 220
1225 1000 2.55587 225
1230 1000 2.56566 230
1235 1000 2.57463 235
1240 1000 2.58276 240
1245 1000 2.59013 245
1020 1000 2.14723 20
1250 1000 2.59686 250
1255 1000 2.60306 255
1260 1000 2.60884 260
1265 1000 2.61432 265
1270 1000 2.61962 270
1275 1000 2.62485 275
1280 1000 2.63012 280
1285 1000 2.6355 285
1290 1000 2.64102 290
1295 1000 2.64667 295
1025 1000 1.13684 25
1300 1000 2.6524 300
1305 1000 2.65816 305
1310 1000 2.66389 310
1315 1000 2.66953 315
1320 1000 2.675 320
1325 1000 2.68024 325
1330 1000 2.6852 330
1335 1000 2.68986 335
1340 1000 2.69423 340
1345 1000 2.69833 345
1030 1000 1.2553 30
1350 1000 2.70221 350
1355 1000 2.70591 355
1360 1000 2.70944 360
1365 1000 2.71282 365
1370 1000 2.7161 370
1375 1000 2.71931 375
1380 1000 2.72248 380
1385 1000 2.72565 385
1390 1000 2.72883 390
1395 1000 2.73202 395
1035 1000 1.36569 35
1400 1000 2.73524 400
1405 1000 2.73846 405
1410 1000 2.74167 410
1415 1000 2.74487 415
1420 1000 2.74802 420
1425 1000 2.75112 425
1430 1000 2.75414 430
1435 1000 2.75707 435
1440 1000 2.75988 440
1445 1000 2.76259 445
1040 1000 1.46625 40
1450 1000 2.76517 450
1455 1000 2.76763 455
1460 1000 2.76999 460
1465 1000 2.77225 465
1470 1000 2.77443 470
1475 1000 2.77656 475
1480 1000 2.77866 480
1485 1000 2.78075 485
1490 1000 2.78284 490
1495 1000 2.78494 495
1045 1000 1.5584 45
