1000 1000 -0 0
1500 1000 2.89746 500
1505 1000 2.89962 505
1510 1000 2.90159 510
1515 1000 2.9036 515
1520 1000 2.90583 520
1525 1000 2.90833 525
1530 1000 2.91105 530
1535 1000 2.91383 535
1540 1000 2.91649 540
1545 1000 2.91885 545
1050 1000 1.6788 50
1550 1000 2.92078 550
1555 1000 2.92229 555
1560 1000 2.92348 560
1565 1000 2.92463 565
1570 1000 2.926 570
1575 1000 2.92773 575
1580 1000 2.92986 580
1585 1000 2.93228 585
1590 1000 2.93483 590
1595 1000 2.93732 595
1055 1000 1.75779 55
1600 1000 2.93954 600
1605 1000 2.94137 605
1610 1000 2.94276 610
1615 1000 2.94385 615
1620 1000 2.94487 620
1625 1000 2.94607 625
1630 1000 2.94758 630
1635 1000 2.9494 635
1640 1000 2.9514 640
1645 1000 2.95344 645
1060 1000 1.82396 60
1650 1000 2.95536 650
1655 1000 2.957 655
1660 1000 2.95833 660
1665 1000 2.95937 665
1670 1000 2.96027 670
1675 1000 2.96124 675
1680 1000 2.96242 680
1685 1000 2.96391 685
1690 1000 2.96564 690
1695 1000 2.96749 695
1065 1000 1.88243 65
1700 1000 2.96931 700
1705 1000 2.97094 705
1710 1000 2.97228 710
1715 1000 2.97331 715
1720 1000 2.97412 720
1725 1000 2.97486 725
1730 1000 2.97572 730
1735 1000 2.97682 735
1740 1000 2.97818 740
1745 1000 2.97973 745
1070 1000 1.93521 70
1750 1000 2.98135 750
1755 1000 2.98289 755
1760 1000 2.98424 760
1765 1000 2.98531 765
1770 1000 2.98611 770
1775 1000 2.98675 775
1780 1000 2.98738 780
1785 1000 2.98817 785
1790 1000 2.98921 790
1795 1000 2.99049 795
1075 1000 1.98479 75
1800 1000 2.99193 800
1805 1000 2.9934 805
1810 1000 2.99477 810
1815 1000 2.99593 815
1820 1000 2.99682 820
1825 1000 2.99748 825
1830 1000 2.99802 830
1835 1000 2.9986 835
1840 1000 2.99934 840
1845 1000 3.0003 845
1080 1000 2.03241 80
1850 1000 3.00146 850
1855 1000 3.00272 855
1860 1000 3.00397 860
1865 1000 3.0051 865
1870 1000 3.00602 870
1875 1000 3.00672 875
1880 1000 3.00726 880
1885 1000 3.00775 885
1890 1000 3.00834 890
1895 1000 3.00913 895
1085 1000 2.07758 85
1900 1000 3.01011 900
1905 1000 3.01123 905
1910 1000 3.01242 910
1915 1000 3.01354 915
1920 1000 3.01449 920
1925 1000 3.01522 925
1930 1000 3.01574 930
1935 1000 3.01615 935
1940 1000 3.01655 940
1945 1000 3.0171 945
1090 1000 2.11948 90
1950 1000 3.0178 950
1955 1000 3.01873 955
1960 1000 3.01977 960
1965 1000 3.0208 965
1970 1000 3.02187 970
1975 1000 3.02263 975
1980 1000 3.02257 980
1985 1000 3.0158 985
1990 1000 2.98929 990
1995 1000 2.9787 995
1095 1000 2.15808 95
1005 1000 1.50987 5
1100 1000 2.19369 100
1105 1000 2.2262 105
1110 1000 2.25533 110
1115 1000 2.2816 115
1120 1000 2.306 120
1125 1000 2.32876 125
1130 1000 2.34968 130
1135 1000 2.36912 135
1140 1000 2.38776 140
1145 1000 2.40601 145
1010 1000 1.52332 10
1150 1000 2.42421 150
1155 1000 2.44276 155
1160 1000 2.46177 160
1165 1000 2.48101 165
1170 1000 2.50002 170
1175 1000 2.5181 175
1180 1000 2.5345 180
1185 1000 2.54865 185
1190 1000 2.56039 190
1195 1000 2.5703 195
1015 1000 1.53456 15
1200 1000 2.57931 200
1205 1000 2.58828 205
1210 1000 2.59779 210
1215 1000 2.60784 215
1220 1000 2.61812 220
1225 1000 2.62821 225
1230 1000 2.63766 230
1235 1000 2.64629 235
1240 1000 2.65458 240
1245 1000 2.66304 245
1020 1000 2.14723 20
1250 1000 2.6719 250
1255 1000 2.68122 255
1260 1000 2.69089 260
1265 1000 2.70057 265
1270 1000 2.70987 270
1275 1000 2.71841 275
1280 1000 2.72566 280
1285 1000 2.73127 285
1290 1000 2.7354 290
1295 1000 2.7387 295
1025 1000 1.05756 25
1300 1000 2.742 300
1305 1000 2.74602 305
1310 1000 2.75101 310
1315 1000 2.75687 315
1320 1000 2.76336 320
1325 1000 2.77021 325
1330 1000 2.77707 330
1335 1000 2.78354 335
1340 1000 2.78932 340
1345 1000 2.79432 345
1030 1000 1.30434 30
1350 1000 2.7987 350
1355 1000 2.8028 355
1360 1000 2.80688 360
1365 1000 2.81104 365
1370 1000 2.81525 370
1375 1000 2.81942 375
1380 1000 2.82346 380
1385 1000 2.82719 385
1390 1000 2.83045 390
1395 1000 2.83323 395
1035 1000 1.39042 35
1400 1000 2.83577 400
1405 1000 2.83846 405
1410 1000 2.84163 410
1415 1000 2.8454 415
1420 1000 2.84969 420
1425 1000 2.8543 425
1430 1000 2.85895 430
1435 1000 2.86337 435
1440 1000 2.86727 440
1445 1000 2.87043 445
1040 1000 1.48627 40
1450 1000 2.87278 450
1455 1000 2.8745 455
1460 1000 2.87602 460
1465 1000 2.8778 465
1470 1000 2.88004 470
1475 1000 2.88273 475
1480 1000 2.88574 480
1485 1000 2.88891 485
1490 1000 2.89205 490
1495 1000 2.89494 495
1045 1000 1.58655 45
