1000 1000 -0 0
1500 1000 3.08003 500
1505 1000 3.0836 505
1510 1000 3.08693 510
1515 1000 3.09001 515
1520 1000 3.09285 520
1525 1000 3.09545 525
1530 1000 3.09782 530
1535 1000 3.09997 535
1540 1000 3.10191 540
1545 1000 3.10365 545
1050 1000 1.60754 50
1550 1000 3.10522 550
1555 1000 3.10664 555
1560 1000 3.10792 560
1565 1000 3.10908 565
1570 1000 3.11014 570
1575 1000 3.11111 575
1580 1000 3.11202 580
1585 1000 3.11287 585
1590 1000 3.11368 590
1595 1000 3.11446 595
1055 1000 1.6874 55
1600 1000 3.11524 600
1605 1000 3.11603 605
1610 1000 3.11683 610
1615 1000 3.11766 615
1620 1000 3.11852 620
1625 1000 3.11943 625
1630 1000 3.12038 630
1635 1000 3.12138 635
1640 1000 3.12242 640
1645 1000 3.1235 645
1060 1000 1.75895 60
1650 1000 3.12464 650
1655 1000 3.12583 655
1660 1000 3.12707 660
1665 1000 3.12836 665
1670 1000 3.12969 670
1675 1000 3.13107 675
1680 1000 3.13249 680
1685 1000 3.13395 685
1690 1000 3.13545 690
1695 1000 3.13699 695
1065 1000 1.82467 65
1700 1000 3.13857 700
1705 1000 3.14019 705
1710 1000 3.14183 710
1715 1000 3.14349 715
1720 1000 3.14516 720
1725 1000 3.14684 725
1730 1000 3.14853 730
1735 1000 3.15024 735
1740 1000 3.15195 740
1745 1000 3.15367 745
1070 1000 1.88698 70
1750 1000 3.15539 750
1755 1000 3.15709 755
1760 1000 3.15876 760
1765 1000 3.16039 765
1770 1000 3.16197 770
1775 1000 3.16352 775
1780 1000 3.16504 780
1785 1000 3.16653 785
1790 1000 3.16799 790
1795 1000 3.16944 795
1075 1000 1.94623 75
1800 1000 3.17087 800
1805 1000 3.17229 805
1810 1000 3.1737 810
1815 1000 3.1751 815
1820 1000 3.17651 820
1825 1000 3.17791 825
1830 1000 3.17931 830
1835 1000 3.18068 835
1840 1000 3.18203 840
1845 1000 3.18333 845
1080 1000 2.00109 80
1850 1000 3.18458 850
1855 1000 3.18578 855
1860 1000 3.18695 860
1865 1000 3.18811 865
1870 1000 3.18927 870
1875 1000 3.19047 875
1880 1000 3.19172 880
1885 1000 3.19302 885
1890 1000 3.19437 890
1895 1000 3.19572 895
1085 1000 2.0512 85
1900 1000 3.19704 900
1905 1000 3.1983 905
1910 1000 3.19947 910
1915 1000 3.20055 915
1920 1000 3.20159 920
1925 1000 3.20263 925
1930 1000 3.20375 930
1935 1000 3.205 935
1940 1000 3.20638 940
1945 1000 3.20787 945
1090 1000 2.09661 90
1950 1000 3.2094 950
1955 1000 3.21088 955
1960 1000 3.21226 960
1965 1000 3.21351 965
1970 1000 3.21464 970
1975 1000 3.2157 975
1980 1000 3.21605 980
1985 1000 3.21025 985
1990 1000 3.16635 990
1995 1000 3.13332 995
1095 1000 2.13775 95
1005 1000 0.450302 5
1100 1000 2.17518 100
1105 1000 2.20934 105
1110 1000 2.2406 110
1115 1000 2.26927 115
1120 1000 2.29569 120
1125 1000 2.32025 125
1130 1000 2.34335 130
1135 1000 2.36541 135
1140 1000 2.38682 140
1145 1000 2.4079 145
1010 1000 0.74033 10
1150 1000 2.42892 150
1155 1000 2.45004 155
1160 1000 2.47138 160
1165 1000 2.493 165
1170 1000 2.51489 170
1175 1000 2.53699 175
1180 1000 2.55924 180
1185 1000 2.58154 185
1190 1000 2.60378 190
1195 1000 2.62586 195
1015 1000 0.911024 15
1200 1000 2.64768 200
1205 1000 2.66913 205
1210 1000 2.69012 210
1215 1000 2.71056 215
1220 1000 2.73037 220
1225 1000 2.7495 225
1230 1000 2.76788 230
1235 1000 2.78545 235
1240 1000 2.80219 240
1245 1000 2.81806 245
1020 1000 1.03592 20
1250 1000 2.83304 250
1255 1000 2.8471 255
1260 1000 2.86025 260
1265 1000 2.87247 265
1270 1000 2.88377 270
1275 1000 2.89417 275
1280 1000 2.90366 280
1285 1000 2.91229 285
1290 1000 2.92006 290
1295 1000 2.92703 295
1025 1000 1.14533 25
1300 1000 2.9332 300
1305 1000 2.93864 305
1310 1000 2.94339 310
1315 1000 2.94751 315
1320 1000 2.95106 320
1325 1000 2.95411 325
1330 1000 2.95674 330
1335 1000 2.95903 335
1340 1000 2.96104 340
1345 1000 2.96286 345
1030 1000 1.24775 30
1350 1000 2.96457 350
1355 1000 2.96624 355
1360 1000 2.96794 360
1365 1000 2.96974 365
1370 1000 2.97168 370
1375 1000 2.9738 375
1380 1000 2.97616 380
1385 1000 2.97877 385
1390 1000 2.98165 390
1395 1000 2.98481 395
1035 1000 1.34345 35
1400 1000 2.98825 400
1405 1000 2.99196 405
1410 1000 2.99594 410
1415 1000 3.00015 415
1420 1000 3.00459 420
1425 1000 3.00921 425
1430 1000 3.014 430
1435 1000 3.01891 435
1440 1000 3.02393 440
1445 1000 3.029 445
1040 1000 1.43353 40
1450 1000 3.03411 450
1455 1000 3.03921 455
1460 1000 3.04427 460
1465 1000 3.04926 465
1470 1000 3.05416 470
1475 1000 3.05892 475
1480 1000 3.06352 480
1485 1000 3.06796 485
1490 1000 3.0722 490
1495 1000 3.07623 495
1045 1000 1.52057 45
