50 50 1.59652e-17 1343.5
50 100 1.58378e-17 1308.63
50 550 1.76945e-17 1051.19
50 600 1.79297e-17 1030.78
50 650 1.80862e-17 1012.42
50 700 1.8253e-17 996.243
50 750 1.83291e-17 982.344
50 800 1.84252e-17 970.824
50 850 1.85074e-17 961.769
50 900 1.85713e-17 955.249
50 950 1.86089e-17 951.315
50 1000 1.8625e-17 950
50 150 1.60653e-17 1274.75
50 1050 1.86089e-17 951.315
50 1100 1.85713e-17 955.249
50 1150 1.85074e-17 961.769
50 1200 1.84252e-17 970.824
50 1250 1.83291e-17 982.344
50 1300 1.8253e-17 996.243
50 1350 1.80862e-17 1012.42
50 1400 1.79297e-17 1030.78
50 1450 1.76945e-17 1051.19
50 1500 1.7518e-17 1073.55
50 200 1.62686e-17 1241.97
50 1550 1.7365e-17 1097.72
50 1600 1.71614e-17 1123.61
50 1650 1.69131e-17 1151.09
50 1700 1.67025e-17 1180.04
50 1750 1.6501e-17 1210.37
50 1800 1.62686e-17 1241.97
50 1850 1.60653e-17 1274.75
50 1900 1.58378e-17 1308.63
50 250 1.6501e-17 1210.37
50 300 1.67025e-17 1180.04
50 350 1.69131e-17 1151.09
50 400 1.71614e-17 1123.61
50 450 1.7365e-17 1097.72
50 500 1.7518e-17 1073.55
550 50 1.76945e-17 1051.19
550 100 1.81459e-17 1006.23
550 550 2.2725e-17 636.396
550 600 2.35639e-17 602.08
550 650 2.42633e-17 570.088
550 700 2.4524e-17 540.833
550 750 2.53264e-17 514.782
550 800 2.61671e-17 492.443
550 850 2.67617e-17 474.342
550 900 2.70499e-17 460.977
550 950 2.68386e-17 452.769
550 1000 2.68626e-17 450
550 150 1.85135e-17 961.769
550 1050 2.68386e-17 452.769
550 1100 2.70499e-17 460.977
550 1150 2.67617e-17 474.342
550 1200 2.61671e-17 492.443
550 1250 2.53264e-17 514.782
550 1300 2.4524e-17 540.833
550 1350 2.42633e-17 570.088
550 1400 2.35639e-17 602.08
550 1450 2.2725e-17 636.396
550 1500 2.22737e-17 672.681
550 200 1.89985e-17 917.878
550 1550 2.16459e-17 710.634
550 1600 2.0982e-17 750
550 1650 2.0471e-17 790.569
550 1700 1.99243e-17 832.166
550 1750 1.94123e-17 874.643
550 1800 1.89985e-17 917.878
550 1850 1.85135e-17 961.769
550 1900 1.81459e-17 1006.23
550 250 1.94123e-17 874.643
550 300 1.99243e-17 832.166
550 350 2.0471e-17 790.569
550 400 2.0982e-17 750
550 450 2.16459e-17 710.634
550 500 2.22737e-17 672.681
600 50 1.79297e-17 1030.78
600 100 1.83035e-17 984.886
600 550 2.35639e-17 602.08
600 600 2.43359e-17 565.685
600 650 2.47576e-17 531.507
600 700 2.58859e-17 500
600 750 2.68312e-17 471.699
600 800 2.68892e-17 447.214
600 850 2.73214e-17 427.2
600 900 2.80271e-17 412.311
600 950 2.86063e-17 403.113
600 1000 2.88437e-17 400
600 150 1.87851e-17 939.415
600 1050 2.86063e-17 403.113
600 1100 2.80271e-17 412.311
600 1150 2.73214e-17 427.2
600 1200 2.68892e-17 447.214
600 1250 2.68312e-17 471.699
600 1300 2.58859e-17 500
600 1350 2.47576e-17 531.507
600 1400 2.43359e-17 565.685
600 1450 2.35639e-17 602.08
600 1500 2.26456e-17 640.312
600 200 1.92878e-17 894.427
600 1550 2.2177e-17 680.074
600 1600 2.14462e-17 721.11
600 1650 2.08507e-17 763.217
600 1700 2.032e-17 806.226
600 1750 1.96666e-17 850
600 1800 1.92878e-17 894.427
600 1850 1.87851e-17 939.415
600 1900 1.83035e-17 984.886
600 250 1.96666e-17 850
600 300 2.032e-17 806.226
600 350 2.08507e-17 763.217
600 400 2.14462e-17 721.11
600 450 2.2177e-17 680.074
600 500 2.26456e-17 640.312
650 50 1.80862e-17 1012.42
650 100 1.84737e-17 965.66
650 550 2.42633e-17 570.088
650 600 2.47576e-17 531.507
650 650 2.60717e-17 494.975
650 700 2.70503e-17 460.977
650 750 2.7223e-17 430.116
650 800 2.8606e-17 403.113
650 850 3.00583e-17 380.789
650 900 3.08338e-17 364.005
650 950 3.11895e-17 353.553
650 1000 3.12295e-17 350
650 150 1.89758e-17 919.239
650 1050 3.11895e-17 353.553
650 1100 3.08338e-17 364.005
650 1150 3.00583e-17 380.789
650 1200 2.8606e-17 403.113
650 1250 2.7223e-17 430.116
650 1300 2.70503e-17 460.977
650 1350 2.60717e-17 494.975
650 1400 2.47576e-17 531.507
650 1450 2.42633e-17 570.088
650 1500 2.33608e-17 610.328
650 200 1.94265e-17 873.212
650 1550 2.2512e-17 651.92
650 1600 2.19452e-17 694.622
650 1650 2.11294e-17 738.241
650 1700 2.05522e-17 782.624
650 1750 1.99931e-17 827.647
650 1800 1.94265e-17 873.212
650 1850 1.89758e-17 919.239
650 1900 1.84737e-17 965.66
650 250 1.99931e-17 827.647
650 300 2.05522e-17 782.624
650 350 2.11294e-17 738.241
650 400 2.19452e-17 694.622
650 450 2.2512e-17 651.92
650 500 2.33608e-17 610.328
700 50 1.8253e-17 996.243
700 100 1.86249e-17 948.683
700 550 2.4524e-17 540.833
700 600 2.58859e-17 500
700 650 2.70503e-17 460.977
700 700 2.74314e-17 424.264
700 750 2.94491e-17 390.512
700 800 3.0948e-17 360.555
700 850 3.14648e-17 335.41
700 900 3.13855e-17 316.228
700 950 3.1684e-17 304.138
700 1000 3.19384e-17 300
700 150 1.92004e-17 901.388
700 1050 3.1684e-17 304.138
700 1100 3.13855e-17 316.228
700 1150 3.14648e-17 335.41
700 1200 3.0948e-17 360.555
700 1250 2.94491e-17 390.512
700 1300 2.74314e-17 424.264
700 1350 2.70503e-17 460.977
700 1400 2.58859e-17 500
700 1450 2.4524e-17 540.833
700 1500 2.40073e-17 583.095
700 200 1.96329e-17 854.4
700 1550 2.29547e-17 626.498
700 1600 2.22963e-17 670.82
700 1650 2.15443e-17 715.891
700 1700 2.08651e-17 761.577
700 1750 2.02976e-17 807.775
700 1800 1.96329e-17 854.4
700 1850 1.92004e-17 901.388
700 1900 1.86249e-17 948.683
700 250 2.02976e-17 807.775
700 300 2.08651e-17 761.577
700 350 2.15443e-17 715.891
700 400 2.22963e-17 670.82
700 450 2.29547e-17 626.498
700 500 2.40073e-17 583.095
750 50 1.83291e-17 982.344
750 100 1.87976e-17 934.077
750 550 2.53264e-17 514.782
750 600 2.68312e-17 471.699
750 650 2.7223e-17 430.116
750 700 2.94491e-17 390.512
750 750 3.11899e-17 353.553
750 800 3.16919e-17 320.156
750 850 3.27061e-17 291.548
750 900 3.5817e-17 269.258
750 950 3.76795e-17 254.951
750 1000 3.82216e-17 250
750 150 1.93147e-17 886.002
750 1050 3.76795e-17 254.951
750 1100 3.5817e-17 269.258
750 1150 3.27061e-17 291.548
750 1200 3.16919e-17 320.156
750 1250 3.11899e-17 353.553
750 1300 2.94491e-17 390.512
750 1350 2.7223e-17 430.116
750 1400 2.68312e-17 471.699
750 1450 2.53264e-17 514.782
750 1500 2.44258e-17 559.017
750 200 1.9838e-17 838.153
750 1550 2.35092e-17 604.152
750 1600 2.25715e-17 650
750 1650 2.19157e-17 696.419
750 1700 2.1044e-17 743.303
750 1750 2.04725e-17 790.569
750 1800 1.9838e-17 838.153
750 1850 1.93147e-17 886.002
750 1900 1.87976e-17 934.077
750 250 2.04725e-17 790.569
750 300 2.1044e-17 743.303
750 350 2.19157e-17 696.419
750 400 2.25715e-17 650
750 450 2.35092e-17 604.152
750 500 2.44258e-17 559.017
800 50 1.84252e-17 970.824
800 100 1.89446e-17 921.954
800 550 2.61671e-17 492.443
800 600 2.68892e-17 447.214
800 650 2.8606e-17 403.113
800 700 3.0948e-17 360.555
800 750 3.16919e-17 320.156
800 800 3.37993e-17 282.843
800 850 3.82213e-17 250
800 900 3.9524e-17 223.607
800 950 3.82684e-17 206.155
800 1000 3.79174e-17 200
800 150 1.94279e-17 873.212
800 1050 3.82684e-17 206.155
800 1100 3.9524e-17 223.607
800 1150 3.82213e-17 250
800 1200 3.37993e-17 282.843
800 1250 3.16919e-17 320.156
800 1300 3.0948e-17 360.555
800 1350 2.8606e-17 403.113
800 1400 2.68892e-17 447.214
800 1450 2.61671e-17 492.443
800 1500 2.4576e-17 538.516
800 200 2.00374e-17 824.621
800 1550 2.39576e-17 585.235
800 1600 2.28145e-17 632.456
800 1650 2.21723e-17 680.074
800 1700 2.1311e-17 728.011
800 1750 2.07138e-17 776.209
800 1800 2.00374e-17 824.621
800 1850 1.94279e-17 873.212
800 1900 1.89446e-17 921.954
800 250 2.07138e-17 776.209
800 300 2.1311e-17 728.011
800 350 2.21723e-17 680.074
800 400 2.28145e-17 632.456
800 450 2.39576e-17 585.235
800 500 2.4576e-17 538.516
850 50 1.85074e-17 961.769
850 100 1.90647e-17 912.414
850 550 2.67617e-17 474.342
850 600 2.73214e-17 427.2
850 650 3.00583e-17 380.789
850 700 3.14648e-17 335.41
850 750 3.27061e-17 291.548
850 800 3.82213e-17 250
850 850 3.88739e-17 212.132
850 900 4.08334e-17 180.278
850 950 4.71143e-17 158.114
850 1000 4.76935e-17 150
850 150 1.95267e-17 863.134
850 1050 4.71143e-17 158.114
850 1100 4.08334e-17 180.278
850 1150 3.88739e-17 212.132
850 1200 3.82213e-17 250
850 1250 3.27061e-17 291.548
850 1300 3.14648e-17 335.41
850 1350 3.00583e-17 380.789
850 1400 2.73214e-17 427.2
850 1450 2.67617e-17 474.342
850 1500 2.50597e-17 522.015
850 200 2.02008e-17 813.941
850 1550 2.42619e-17 570.088
850 1600 2.31501e-17 618.466
850 1650 2.23428e-17 667.083
850 1700 2.15455e-17 715.891
850 1750 2.0834e-17 764.853
850 1800 2.02008e-17 813.941
850 1850 1.95267e-17 863.134
850 1900 1.90647e-17 912.414
850 250 2.0834e-17 764.853
850 300 2.15455e-17 715.891
850 350 2.23428e-17 667.083
850 400 2.31501e-17 618.466
850 450 2.42619e-17 570.088
850 500 2.50597e-17 522.015
900 50 1.85713e-17 955.249
900 100 1.91529e-17 905.539
900 550 2.70499e-17 460.977
900 600 2.80271e-17 412.311
900 650 3.08338e-17 364.005
900 700 3.13855e-17 316.228
900 750 3.5817e-17 269.258
900 800 3.9524e-17 223.607
900 850 4.08334e-17 180.278
900 900 4.79543e-17 141.421
900 950 5.84309e-17 111.803
900 1000 6.25276e-17 100
900 150 1.96089e-17 855.862
900 1050 5.84309e-17 111.803
900 1100 4.79543e-17 141.421
900 1150 4.08334e-17 180.278
900 1200 3.9524e-17 223.607
900 1250 3.5817e-17 269.258
900 1300 3.13855e-17 316.228
900 1350 3.08338e-17 364.005
900 1400 2.80271e-17 412.311
900 1450 2.70499e-17 460.977
900 1500 2.55182e-17 509.902
900 200 2.03187e-17 806.226
900 1550 2.44271e-17 559.017
900 1600 2.34175e-17 608.276
900 1650 2.24522e-17 657.647
900 1700 2.17174e-17 707.107
900 1750 2.09142e-17 756.637
900 1800 2.03187e-17 806.226
900 1850 1.96089e-17 855.862
900 1900 1.91529e-17 905.539
900 250 2.09142e-17 756.637
900 300 2.17174e-17 707.107
900 350 2.24522e-17 657.647
900 400 2.34175e-17 608.276
900 450 2.44271e-17 559.017
900 500 2.55182e-17 509.902
950 50 1.86089e-17 951.315
950 100 1.91998e-17 901.388
950 550 2.68386e-17 452.769
950 600 2.86063e-17 403.113
950 650 3.11895e-17 353.553
950 700 3.1684e-17 304.138
950 750 3.76795e-17 254.951
950 800 3.82684e-17 206.155
950 850 4.71143e-17 158.114
950 900 5.84309e-17 111.803
950 950 6.54056e-17 70.7107
950 1000 7.42535e-17 50
950 150 1.96483e-17 851.469
950 1050 6.54056e-17 70.7107
950 1100 5.84309e-17 111.803
950 1150 4.71143e-17 158.114
950 1200 3.82684e-17 206.155
950 1250 3.76795e-17 254.951
950 1300 3.1684e-17 304.138
950 1350 3.11895e-17 353.553
950 1400 2.86063e-17 403.113
950 1450 2.68386e-17 452.769
950 1500 2.58099e-17 502.494
950 200 2.0393e-17 801.561
950 1550 2.43077e-17 552.268
950 1600 2.35671e-17 602.08
950 1650 2.25162e-17 651.92
950 1700 2.18169e-17 701.783
950 1750 2.09675e-17 751.665
950 1800 2.0393e-17 801.561
950 1850 1.96483e-17 851.469
950 1900 1.91998e-17 901.388
950 250 2.09675e-17 751.665
950 300 2.18169e-17 701.783
950 350 2.25162e-17 651.92
950 400 2.35671e-17 602.08
950 450 2.43077e-17 552.268
950 500 2.58099e-17 502.494
1000 50 1.8625e-17 950
1000 100 1.92153e-17 900
1000 550 2.68626e-17 450
1000 600 2.88437e-17 400
1000 650 3.12295e-17 350
1000 700 3.19384e-17 300
1000 750 3.82216e-17 250
1000 800 3.79174e-17 200
1000 850 4.76935e-17 150
1000 900 6.25276e-17 100
1000 950 7.42535e-17 50
1000 150 1.96622e-17 850
1000 1050 7.42535e-17 50
1000 1100 6.25276e-17 100
1000 1150 4.76935e-17 150
1000 1200 3.79174e-17 200
1000 1250 3.82216e-17 250
1000 1300 3.19384e-17 300
1000 1350 3.12295e-17 350
1000 1400 2.88437e-17 400
1000 1450 2.68626e-17 450
1000 1500 2.58863e-17 500
1000 200 2.04197e-17 800
1000 1550 2.43445e-17 550
1000 1600 2.36688e-17 600
1000 1650 2.25698e-17 650
1000 1700 2.1854e-17 700
1000 1750 2.09842e-17 750
1000 1800 2.04197e-17 800
1000 1850 1.96622e-17 850
1000 1900 1.92153e-17 900
1000 250 2.09842e-17 750
1000 300 2.1854e-17 700
1000 350 2.25698e-17 650
1000 400 2.36688e-17 600
1000 450 2.43445e-17 550
1000 500 2.58863e-17 500
100 50 1.58378e-17 1308.63
100 100 1.60953e-17 1272.79
100 550 1.81459e-17 1006.23
100 600 1.83035e-17 984.886
100 650 1.84737e-17 965.66
100 700 1.86249e-17 948.683
100 750 1.87976e-17 934.077
100 800 1.89446e-17 921.954
100 850 1.90647e-17 912.414
100 900 1.91529e-17 905.539
100 950 1.91998e-17 901.388
100 1000 1.92153e-17 900
100 150 1.62942e-17 1237.94
100 1050 1.91998e-17 901.388
100 1100 1.91529e-17 905.539
100 1150 1.90647e-17 912.414
100 1200 1.89446e-17 921.954
100 1250 1.87976e-17 934.077
100 1300 1.86249e-17 948.683
100 1350 1.84737e-17 965.66
100 1400 1.83035e-17 984.886
100 1450 1.81459e-17 1006.23
100 1500 1.79355e-17 1029.56
100 200 1.65451e-17 1204.16
100 1550 1.76797e-17 1054.75
100 1600 1.74527e-17 1081.67
100 1650 1.72492e-17 1110.18
100 1700 1.69924e-17 1140.18
100 1750 1.67613e-17 1171.54
100 1800 1.65451e-17 1204.16
100 1850 1.62942e-17 1237.94
100 1900 1.60953e-17 1272.79
100 250 1.67613e-17 1171.54
100 300 1.69924e-17 1140.18
100 350 1.72492e-17 1110.18
100 400 1.74527e-17 1081.67
100 450 1.76797e-17 1054.75
100 500 1.79355e-17 1029.56
1050 50 1.86089e-17 951.315
1050 100 1.91998e-17 901.388
1050 550 2.68386e-17 452.769
1050 600 2.86063e-17 403.113
1050 650 3.11895e-17 353.553
1050 700 3.1684e-17 304.138
1050 750 3.76795e-17 254.951
1050 800 3.82684e-17 206.155
1050 850 4.71143e-17 158.114
1050 900 5.84309e-17 111.803
1050 950 6.54056e-17 70.7107
1050 1000 7.42535e-17 50
1050 150 1.96483e-17 851.469
1050 1050 6.54056e-17 70.7107
1050 1100 5.84309e-17 111.803
1050 1150 4.71143e-17 158.114
1050 1200 3.82684e-17 206.155
1050 1250 3.76795e-17 254.951
1050 1300 3.1684e-17 304.138
1050 1350 3.11895e-17 353.553
1050 1400 2.86063e-17 403.113
1050 1450 2.68386e-17 452.769
1050 1500 2.58099e-17 502.494
1050 200 2.0393e-17 801.561
1050 1550 2.43077e-17 552.268
1050 1600 2.35671e-17 602.08
1050 1650 2.25162e-17 651.92
1050 1700 2.18169e-17 701.783
1050 1750 2.09675e-17 751.665
1050 1800 2.0393e-17 801.561
1050 1850 1.96483e-17 851.469
1050 1900 1.91998e-17 901.388
1050 250 2.09675e-17 751.665
1050 300 2.18169e-17 701.783
1050 350 2.25162e-17 651.92
1050 400 2.35671e-17 602.08
1050 450 2.43077e-17 552.268
1050 500 2.58099e-17 502.494
1100 50 1.85713e-17 955.249
1100 100 1.91529e-17 905.539
1100 550 2.70499e-17 460.977
1100 600 2.80271e-17 412.311
1100 650 3.08338e-17 364.005
1100 700 3.13855e-17 316.228
1100 750 3.5817e-17 269.258
1100 800 3.9524e-17 223.607
1100 850 4.08334e-17 180.278
1100 900 4.79543e-17 141.421
1100 950 5.84309e-17 111.803
1100 1000 6.25276e-17 100
1100 150 1.96089e-17 855.862
1100 1050 5.84309e-17 111.803
1100 1100 4.79543e-17 141.421
1100 1150 4.08334e-17 180.278
1100 1200 3.9524e-17 223.607
1100 1250 3.5817e-17 269.258
1100 1300 3.13855e-17 316.228
1100 1350 3.08338e-17 364.005
1100 1400 2.80271e-17 412.311
1100 1450 2.70499e-17 460.977
1100 1500 2.55182e-17 509.902
1100 200 2.03187e-17 806.226
1100 1550 2.44271e-17 559.017
1100 1600 2.34175e-17 608.276
1100 1650 2.24522e-17 657.647
1100 1700 2.17174e-17 707.107
1100 1750 2.09142e-17 756.637
1100 1800 2.03187e-17 806.226
1100 1850 1.96089e-17 855.862
1100 1900 1.91529e-17 905.539
1100 250 2.09142e-17 756.637
1100 300 2.17174e-17 707.107
1100 350 2.24522e-17 657.647
1100 400 2.34175e-17 608.276
1100 450 2.44271e-17 559.017
1100 500 2.55182e-17 509.902
1150 50 1.85074e-17 961.769
1150 100 1.90647e-17 912.414
1150 550 2.67617e-17 474.342
1150 600 2.73214e-17 427.2
1150 650 3.00583e-17 380.789
1150 700 3.14648e-17 335.41
1150 750 3.27061e-17 291.548
1150 800 3.82213e-17 250
1150 850 3.88739e-17 212.132
1150 900 4.08334e-17 180.278
1150 950 4.71143e-17 158.114
1150 1000 4.76935e-17 150
1150 150 1.95267e-17 863.134
1150 1050 4.71143e-17 158.114
1150 1100 4.08334e-17 180.278
1150 1150 3.88739e-17 212.132
1150 1200 3.82213e-17 250
1150 1250 3.27061e-17 291.548
1150 1300 3.14648e-17 335.41
1150 1350 3.00583e-17 380.789
1150 1400 2.73214e-17 427.2
1150 1450 2.67617e-17 474.342
1150 1500 2.50597e-17 522.015
1150 200 2.02008e-17 813.941
1150 1550 2.42619e-17 570.088
1150 1600 2.31501e-17 618.466
1150 1650 2.23428e-17 667.083
1150 1700 2.15455e-17 715.891
1150 1750 2.0834e-17 764.853
1150 1800 2.02008e-17 813.941
1150 1850 1.95267e-17 863.134
1150 1900 1.90647e-17 912.414
1150 250 2.0834e-17 764.853
1150 300 2.15455e-17 715.891
1150 350 2.23428e-17 667.083
1150 400 2.31501e-17 618.466
1150 450 2.42619e-17 570.088
1150 500 2.50597e-17 522.015
1200 50 1.84252e-17 970.824
1200 100 1.89446e-17 921.954
1200 550 2.61671e-17 492.443
1200 600 2.68892e-17 447.214
1200 650 2.8606e-17 403.113
1200 700 3.0948e-17 360.555
1200 750 3.16919e-17 320.156
1200 800 3.37993e-17 282.843
1200 850 3.82213e-17 250
1200 900 3.9524e-17 223.607
1200 950 3.82684e-17 206.155
1200 1000 3.79174e-17 200
1200 150 1.94279e-17 873.212
1200 1050 3.82684e-17 206.155
1200 1100 3.9524e-17 223.607
1200 1150 3.82213e-17 250
1200 1200 3.37993e-17 282.843
1200 1250 3.16919e-17 320.156
1200 1300 3.0948e-17 360.555
1200 1350 2.8606e-17 403.113
1200 1400 2.68892e-17 447.214
1200 1450 2.61671e-17 492.443
1200 1500 2.4576e-17 538.516
1200 200 2.00374e-17 824.621
1200 1550 2.39576e-17 585.235
1200 1600 2.28145e-17 632.456
1200 1650 2.21723e-17 680.074
1200 1700 2.1311e-17 728.011
1200 1750 2.07138e-17 776.209
1200 1800 2.00374e-17 824.621
1200 1850 1.94279e-17 873.212
1200 1900 1.89446e-17 921.954
1200 250 2.07138e-17 776.209
1200 300 2.1311e-17 728.011
1200 350 2.21723e-17 680.074
1200 400 2.28145e-17 632.456
1200 450 2.39576e-17 585.235
1200 500 2.4576e-17 538.516
1250 50 1.83291e-17 982.344
1250 100 1.87976e-17 934.077
1250 550 2.53264e-17 514.782
1250 600 2.68312e-17 471.699
1250 650 2.7223e-17 430.116
1250 700 2.94491e-17 390.512
1250 750 3.11899e-17 353.553
1250 800 3.16919e-17 320.156
1250 850 3.27061e-17 291.548
1250 900 3.5817e-17 269.258
1250 950 3.76795e-17 254.951
1250 1000 3.82216e-17 250
1250 150 1.93147e-17 886.002
1250 1050 3.76795e-17 254.951
1250 1100 3.5817e-17 269.258
1250 1150 3.27061e-17 291.548
1250 1200 3.16919e-17 320.156
1250 1250 3.11899e-17 353.553
1250 1300 2.94491e-17 390.512
1250 1350 2.7223e-17 430.116
1250 1400 2.68312e-17 471.699
1250 1450 2.53264e-17 514.782
1250 1500 2.44258e-17 559.017
1250 200 1.9838e-17 838.153
1250 1550 2.35092e-17 604.152
1250 1600 2.25715e-17 650
1250 1650 2.19157e-17 696.419
1250 1700 2.1044e-17 743.303
1250 1750 2.04725e-17 790.569
1250 1800 1.9838e-17 838.153
1250 1850 1.93147e-17 886.002
1250 1900 1.87976e-17 934.077
1250 250 2.04725e-17 790.569
1250 300 2.1044e-17 743.303
1250 350 2.19157e-17 696.419
1250 400 2.25715e-17 650
1250 450 2.35092e-17 604.152
1250 500 2.44258e-17 559.017
1300 50 1.8253e-17 996.243
1300 100 1.86249e-17 948.683
1300 550 2.4524e-17 540.833
1300 600 2.58859e-17 500
1300 650 2.70503e-17 460.977
1300 700 2.74314e-17 424.264
1300 750 2.94491e-17 390.512
1300 800 3.0948e-17 360.555
1300 850 3.14648e-17 335.41
1300 900 3.13855e-17 316.228
1300 950 3.1684e-17 304.138
1300 1000 3.19384e-17 300
1300 150 1.92004e-17 901.388
1300 1050 3.1684e-17 304.138
1300 1100 3.13855e-17 316.228
1300 1150 3.14648e-17 335.41
1300 1200 3.0948e-17 360.555
1300 1250 2.94491e-17 390.512
1300 1300 2.74314e-17 424.264
1300 1350 2.70503e-17 460.977
1300 1400 2.58859e-17 500
1300 1450 2.4524e-17 540.833
1300 1500 2.40073e-17 583.095
1300 200 1.96329e-17 854.4
1300 1550 2.29547e-17 626.498
1300 1600 2.22963e-17 670.82
1300 1650 2.15443e-17 715.891
1300 1700 2.08651e-17 761.577
1300 1750 2.02976e-17 807.775
1300 1800 1.96329e-17 854.4
1300 1850 1.92004e-17 901.388
1300 1900 1.86249e-17 948.683
1300 250 2.02976e-17 807.775
1300 300 2.08651e-17 761.577
1300 350 2.15443e-17 715.891
1300 400 2.22963e-17 670.82
1300 450 2.29547e-17 626.498
1300 500 2.40073e-17 583.095
1350 50 1.80862e-17 1012.42
1350 100 1.84737e-17 965.66
1350 550 2.42633e-17 570.088
1350 600 2.47576e-17 531.507
1350 650 2.60717e-17 494.975
1350 700 2.70503e-17 460.977
1350 750 2.7223e-17 430.116
1350 800 2.8606e-17 403.113
1350 850 3.00583e-17 380.789
1350 900 3.08338e-17 364.005
1350 950 3.11895e-17 353.553
1350 1000 3.12295e-17 350
1350 150 1.89758e-17 919.239
1350 1050 3.11895e-17 353.553
1350 1100 3.08338e-17 364.005
1350 1150 3.00583e-17 380.789
1350 1200 2.8606e-17 403.113
1350 1250 2.7223e-17 430.116
1350 1300 2.70503e-17 460.977
1350 1350 2.60717e-17 494.975
1350 1400 2.47576e-17 531.507
1350 1450 2.42633e-17 570.088
1350 1500 2.33608e-17 610.328
1350 200 1.94265e-17 873.212
1350 1550 2.2512e-17 651.92
1350 1600 2.19452e-17 694.622
1350 1650 2.11294e-17 738.241
1350 1700 2.05522e-17 782.624
1350 1750 1.99931e-17 827.647
1350 1800 1.94265e-17 873.212
1350 1850 1.89758e-17 919.239
1350 1900 1.84737e-17 965.66
1350 250 1.99931e-17 827.647
1350 300 2.05522e-17 782.624
1350 350 2.11294e-17 738.241
1350 400 2.19452e-17 694.622
1350 450 2.2512e-17 651.92
1350 500 2.33608e-17 610.328
1400 50 1.79297e-17 1030.78
1400 100 1.83035e-17 984.886
1400 550 2.35639e-17 602.08
1400 600 2.43359e-17 565.685
1400 650 2.47576e-17 531.507
1400 700 2.58859e-17 500
1400 750 2.68312e-17 471.699
1400 800 2.68892e-17 447.214
1400 850 2.73214e-17 427.2
1400 900 2.80271e-17 412.311
1400 950 2.86063e-17 403.113
1400 1000 2.88437e-17 400
1400 150 1.87851e-17 939.415
1400 1050 2.86063e-17 403.113
1400 1100 2.80271e-17 412.311
1400 1150 2.73214e-17 427.2
1400 1200 2.68892e-17 447.214
1400 1250 2.68312e-17 471.699
1400 1300 2.58859e-17 500
1400 1350 2.47576e-17 531.507
1400 1400 2.43359e-17 565.685
1400 1450 2.35639e-17 602.08
1400 1500 2.26456e-17 640.312
1400 200 1.92878e-17 894.427
1400 1550 2.2177e-17 680.074
1400 1600 2.14462e-17 721.11
1400 1650 2.08507e-17 763.217
1400 1700 2.032e-17 806.226
1400 1750 1.96666e-17 850
1400 1800 1.92878e-17 894.427
1400 1850 1.87851e-17 939.415
1400 1900 1.83035e-17 984.886
1400 250 1.96666e-17 850
1400 300 2.032e-17 806.226
1400 350 2.08507e-17 763.217
1400 400 2.14462e-17 721.11
1400 450 2.2177e-17 680.074
1400 500 2.26456e-17 640.312
1450 50 1.76945e-17 1051.19
1450 100 1.81459e-17 1006.23
1450 550 2.2725e-17 636.396
1450 600 2.35639e-17 602.08
1450 650 2.42633e-17 570.088
1450 700 2.4524e-17 540.833
1450 750 2.53264e-17 514.782
1450 800 2.61671e-17 492.443
1450 850 2.67617e-17 474.342
1450 900 2.70499e-17 460.977
1450 950 2.68386e-17 452.769
1450 1000 2.68626e-17 450
1450 150 1.85135e-17 961.769
1450 1050 2.68386e-17 452.769
1450 1100 2.70499e-17 460.977
1450 1150 2.67617e-17 474.342
1450 1200 2.61671e-17 492.443
1450 1250 2.53264e-17 514.782
1450 1300 2.4524e-17 540.833
1450 1350 2.42633e-17 570.088
1450 1400 2.35639e-17 602.08
1450 1450 2.2725e-17 636.396
1450 1500 2.22737e-17 672.681
1450 200 1.89985e-17 917.878
1450 1550 2.16459e-17 710.634
1450 1600 2.0982e-17 750
1450 1650 2.0471e-17 790.569
1450 1700 1.99243e-17 832.166
1450 1750 1.94123e-17 874.643
1450 1800 1.89985e-17 917.878
1450 1850 1.85135e-17 961.769
1450 1900 1.81459e-17 1006.23
1450 250 1.94123e-17 874.643
1450 300 1.99243e-17 832.166
1450 350 2.0471e-17 790.569
1450 400 2.0982e-17 750
1450 450 2.16459e-17 710.634
1450 500 2.22737e-17 672.681
1500 50 1.7518e-17 1073.55
1500 100 1.79355e-17 1029.56
1500 550 2.22737e-17 672.681
1500 600 2.26456e-17 640.312
1500 650 2.33608e-17 610.328
1500 700 2.40073e-17 583.095
1500 750 2.44258e-17 559.017
1500 800 2.4576e-17 538.516
1500 850 2.50597e-17 522.015
1500 900 2.55182e-17 509.902
1500 950 2.58099e-17 502.494
1500 1000 2.58863e-17 500
1500 150 1.82892e-17 986.154
1500 1050 2.58099e-17 502.494
1500 1100 2.55182e-17 509.902
1500 1150 2.50597e-17 522.015
1500 1200 2.4576e-17 538.516
1500 1250 2.44258e-17 559.017
1500 1300 2.40073e-17 583.095
1500 1350 2.33608e-17 610.328
1500 1400 2.26456e-17 640.312
1500 1450 2.22737e-17 672.681
1500 1500 2.17191e-17 707.107
1500 200 1.87434e-17 943.398
1500 1550 2.10469e-17 743.303
1500 1600 2.0566e-17 781.025
1500 1650 2.01063e-17 820.061
1500 1700 1.95615e-17 860.233
1500 1750 1.91989e-17 901.388
1500 1800 1.87434e-17 943.398
1500 1850 1.82892e-17 986.154
1500 1900 1.79355e-17 1029.56
1500 250 1.91989e-17 901.388
1500 300 1.95615e-17 860.233
1500 350 2.01063e-17 820.061
1500 400 2.0566e-17 781.025
1500 450 2.10469e-17 743.303
1500 500 2.17191e-17 707.107
150 50 1.60653e-17 1274.75
150 100 1.62942e-17 1237.94
150 550 1.85135e-17 961.769
150 600 1.87851e-17 939.415
150 650 1.89758e-17 919.239
150 700 1.92004e-17 901.388
150 750 1.93147e-17 886.002
150 800 1.94279e-17 873.212
150 850 1.95267e-17 863.134
150 900 1.96089e-17 855.862
150 950 1.96483e-17 851.469
150 1000 1.96622e-17 850
150 150 1.6564e-17 1202.08
150 1050 1.96483e-17 851.469
150 1100 1.96089e-17 855.862
150 1150 1.95267e-17 863.134
150 1200 1.94279e-17 873.212
150 1250 1.93147e-17 886.002
150 1300 1.92004e-17 901.388
150 1350 1.89758e-17 919.239
150 1400 1.87851e-17 939.415
150 1450 1.85135e-17 961.769
150 1500 1.82892e-17 986.154
150 200 1.67938e-17 1167.26
150 1550 1.80844e-17 1012.42
150 1600 1.78409e-17 1040.43
150 1650 1.75409e-17 1070.05
150 1700 1.73109e-17 1101.14
150 1750 1.70794e-17 1133.58
150 1800 1.67938e-17 1167.26
150 1850 1.6564e-17 1202.08
150 1900 1.62942e-17 1237.94
150 250 1.70794e-17 1133.58
150 300 1.73109e-17 1101.14
150 350 1.75409e-17 1070.05
150 400 1.78409e-17 1040.43
150 450 1.80844e-17 1012.42
150 500 1.82892e-17 986.154
1550 50 1.7365e-17 1097.72
1550 100 1.76797e-17 1054.75
1550 550 2.16459e-17 710.634
1550 600 2.2177e-17 680.074
1550 650 2.2512e-17 651.92
1550 700 2.29547e-17 626.498
1550 750 2.35092e-17 604.152
1550 800 2.39576e-17 585.235
1550 850 2.42619e-17 570.088
1550 900 2.44271e-17 559.017
1550 950 2.43077e-17 552.268
1550 1000 2.43445e-17 550
1550 150 1.80844e-17 1012.42
1550 1050 2.43077e-17 552.268
1550 1100 2.44271e-17 559.017
1550 1150 2.42619e-17 570.088
1550 1200 2.39576e-17 585.235
1550 1250 2.35092e-17 604.152
1550 1300 2.29547e-17 626.498
1550 1350 2.2512e-17 651.92
1550 1400 2.2177e-17 680.074
1550 1450 2.16459e-17 710.634
1550 1500 2.10469e-17 743.303
1550 200 1.84221e-17 970.824
1550 1550 2.05971e-17 777.817
1550 1600 2.0202e-17 813.941
1550 1650 1.96508e-17 851.469
1550 1700 1.92714e-17 890.225
1550 1750 1.88482e-17 930.054
1550 1800 1.84221e-17 970.824
1550 1850 1.80844e-17 1012.42
1550 1900 1.76797e-17 1054.75
1550 250 1.88482e-17 930.054
1550 300 1.92714e-17 890.225
1550 350 1.96508e-17 851.469
1550 400 2.0202e-17 813.941
1550 450 2.05971e-17 777.817
1550 500 2.10469e-17 743.303
1600 50 1.71614e-17 1123.61
1600 100 1.74527e-17 1081.67
1600 550 2.0982e-17 750
1600 600 2.14462e-17 721.11
1600 650 2.19452e-17 694.622
1600 700 2.22963e-17 670.82
1600 750 2.25715e-17 650
1600 800 2.28145e-17 632.456
1600 850 2.31501e-17 618.466
1600 900 2.34175e-17 608.276
1600 950 2.35671e-17 602.08
1600 1000 2.36688e-17 600
1600 150 1.78409e-17 1040.43
1600 1050 2.35671e-17 602.08
1600 1100 2.34175e-17 608.276
1600 1150 2.31501e-17 618.466
1600 1200 2.28145e-17 632.456
1600 1250 2.25715e-17 650
1600 1300 2.22963e-17 670.82
1600 1350 2.19452e-17 694.622
1600 1400 2.14462e-17 721.11
1600 1450 2.0982e-17 750
1600 1500 2.0566e-17 781.025
1600 200 1.82083e-17 1000
1600 1550 2.0202e-17 813.941
1600 1600 1.9683e-17 848.528
1600 1650 1.93212e-17 884.59
1600 1700 1.89474e-17 921.954
1600 1750 1.8522e-17 960.469
1600 1800 1.82083e-17 1000
1600 1850 1.78409e-17 1040.43
1600 1900 1.74527e-17 1081.67
1600 250 1.8522e-17 960.469
1600 300 1.89474e-17 921.954
1600 350 1.93212e-17 884.59
1600 400 1.9683e-17 848.528
1600 450 2.0202e-17 813.941
1600 500 2.0566e-17 781.025
1650 50 1.69131e-17 1151.09
1650 100 1.72492e-17 1110.18
1650 550 2.0471e-17 790.569
1650 600 2.08507e-17 763.217
1650 650 2.11294e-17 738.241
1650 700 2.15443e-17 715.891
1650 750 2.19157e-17 696.419
1650 800 2.21723e-17 680.074
1650 850 2.23428e-17 667.083
1650 900 2.24522e-17 657.647
1650 950 2.25162e-17 651.92
1650 1000 2.25698e-17 650
1650 150 1.75409e-17 1070.05
1650 1050 2.25162e-17 651.92
1650 1100 2.24522e-17 657.647
1650 1150 2.23428e-17 667.083
1650 1200 2.21723e-17 680.074
1650 1250 2.19157e-17 696.419
1650 1300 2.15443e-17 715.891
1650 1350 2.11294e-17 738.241
1650 1400 2.08507e-17 763.217
1650 1450 2.0471e-17 790.569
1650 1500 2.01063e-17 820.061
1650 200 1.79236e-17 1030.78
1650 1550 1.96508e-17 851.469
1650 1600 1.93212e-17 884.59
1650 1650 1.89813e-17 919.239
1650 1700 1.85746e-17 955.249
1650 1750 1.82922e-17 992.472
1650 1800 1.79236e-17 1030.78
1650 1850 1.75409e-17 1070.05
1650 1900 1.72492e-17 1110.18
1650 250 1.82922e-17 992.472
1650 300 1.85746e-17 955.249
1650 350 1.89813e-17 919.239
1650 400 1.93212e-17 884.59
1650 450 1.96508e-17 851.469
1650 500 2.01063e-17 820.061
1700 50 1.67025e-17 1180.04
1700 100 1.69924e-17 1140.18
1700 550 1.99243e-17 832.166
1700 600 2.032e-17 806.226
1700 650 2.05522e-17 782.624
1700 700 2.08651e-17 761.577
1700 750 2.1044e-17 743.303
1700 800 2.1311e-17 728.011
1700 850 2.15455e-17 715.891
1700 900 2.17174e-17 707.107
1700 950 2.18169e-17 701.783
1700 1000 2.1854e-17 700
1700 150 1.73109e-17 1101.14
1700 1050 2.18169e-17 701.783
1700 1100 2.17174e-17 707.107
1700 1150 2.15455e-17 715.891
1700 1200 2.1311e-17 728.011
1700 1250 2.1044e-17 743.303
1700 1300 2.08651e-17 761.577
1700 1350 2.05522e-17 782.624
1700 1400 2.032e-17 806.226
1700 1450 1.99243e-17 832.166
1700 1500 1.95615e-17 860.233
1700 200 1.76033e-17 1063.01
1700 1550 1.92714e-17 890.225
1700 1600 1.89474e-17 921.954
1700 1650 1.85746e-17 955.249
1700 1700 1.82621e-17 989.949
1700 1750 1.7965e-17 1025.91
1700 1800 1.76033e-17 1063.01
1700 1850 1.73109e-17 1101.14
1700 1900 1.69924e-17 1140.18
1700 250 1.7965e-17 1025.91
1700 300 1.82621e-17 989.949
1700 350 1.85746e-17 955.249
1700 400 1.89474e-17 921.954
1700 450 1.92714e-17 890.225
1700 500 1.95615e-17 860.233
1750 50 1.6501e-17 1210.37
1750 100 1.67613e-17 1171.54
1750 550 1.94123e-17 874.643
1750 600 1.96666e-17 850
1750 650 1.99931e-17 827.647
1750 700 2.02976e-17 807.775
1750 750 2.04725e-17 790.569
1750 800 2.07138e-17 776.209
1750 850 2.0834e-17 764.853
1750 900 2.09142e-17 756.637
1750 950 2.09675e-17 751.665
1750 1000 2.09842e-17 750
1750 150 1.70794e-17 1133.58
1750 1050 2.09675e-17 751.665
1750 1100 2.09142e-17 756.637
1750 1150 2.0834e-17 764.853
1750 1200 2.07138e-17 776.209
1750 1250 2.04725e-17 790.569
1750 1300 2.02976e-17 807.775
1750 1350 1.99931e-17 827.647
1750 1400 1.96666e-17 850
1750 1450 1.94123e-17 874.643
1750 1500 1.91989e-17 901.388
1750 200 1.73525e-17 1096.59
1750 1550 1.88482e-17 930.054
1750 1600 1.8522e-17 960.469
1750 1650 1.82922e-17 992.472
1750 1700 1.7965e-17 1025.91
1750 1750 1.76268e-17 1060.66
1750 1800 1.73525e-17 1096.59
1750 1850 1.70794e-17 1133.58
1750 1900 1.67613e-17 1171.54
1750 250 1.76268e-17 1060.66
1750 300 1.7965e-17 1025.91
1750 350 1.82922e-17 992.472
1750 400 1.8522e-17 960.469
1750 450 1.88482e-17 930.054
1750 500 1.91989e-17 901.388
1800 50 1.62686e-17 1241.97
1800 100 1.65451e-17 1204.16
1800 550 1.89985e-17 917.878
1800 600 1.92878e-17 894.427
1800 650 1.94265e-17 873.212
1800 700 1.96329e-17 854.4
1800 750 1.9838e-17 838.153
1800 800 2.00374e-17 824.621
1800 850 2.02008e-17 813.941
1800 900 2.03187e-17 806.226
1800 950 2.0393e-17 801.561
1800 1000 2.04197e-17 800
1800 150 1.67938e-17 1167.26
1800 1050 2.0393e-17 801.561
1800 1100 2.03187e-17 806.226
1800 1150 2.02008e-17 813.941
1800 1200 2.00374e-17 824.621
1800 1250 1.9838e-17 838.153
1800 1300 1.96329e-17 854.4
1800 1350 1.94265e-17 873.212
1800 1400 1.92878e-17 894.427
1800 1450 1.89985e-17 917.878
1800 1500 1.87434e-17 943.398
1800 200 1.70911e-17 1131.37
1800 1550 1.84221e-17 970.824
1800 1600 1.82083e-17 1000
1800 1650 1.79236e-17 1030.78
1800 1700 1.76033e-17 1063.01
1800 1750 1.73525e-17 1096.59
1800 1800 1.70911e-17 1131.37
1800 1850 1.67938e-17 1167.26
1800 1900 1.65451e-17 1204.16
1800 250 1.73525e-17 1096.59
1800 300 1.76033e-17 1063.01
1800 350 1.79236e-17 1030.78
1800 400 1.82083e-17 1000
1800 450 1.84221e-17 970.824
1800 500 1.87434e-17 943.398
1850 50 1.60653e-17 1274.75
1850 100 1.62942e-17 1237.94
1850 550 1.85135e-17 961.769
1850 600 1.87851e-17 939.415
1850 650 1.89758e-17 919.239
1850 700 1.92004e-17 901.388
1850 750 1.93147e-17 886.002
1850 800 1.94279e-17 873.212
1850 850 1.95267e-17 863.134
1850 900 1.96089e-17 855.862
1850 950 1.96483e-17 851.469
1850 1000 1.96622e-17 850
1850 150 1.6564e-17 1202.08
1850 1050 1.96483e-17 851.469
1850 1100 1.96089e-17 855.862
1850 1150 1.95267e-17 863.134
1850 1200 1.94279e-17 873.212
1850 1250 1.93147e-17 886.002
1850 1300 1.92004e-17 901.388
1850 1350 1.89758e-17 919.239
1850 1400 1.87851e-17 939.415
1850 1450 1.85135e-17 961.769
1850 1500 1.82892e-17 986.154
1850 200 1.67938e-17 1167.26
1850 1550 1.80844e-17 1012.42
1850 1600 1.78409e-17 1040.43
1850 1650 1.75409e-17 1070.05
1850 1700 1.73109e-17 1101.14
1850 1750 1.70794e-17 1133.58
1850 1800 1.67938e-17 1167.26
1850 1850 1.6564e-17 1202.08
1850 1900 1.62942e-17 1237.94
1850 250 1.70794e-17 1133.58
1850 300 1.73109e-17 1101.14
1850 350 1.75409e-17 1070.05
1850 400 1.78409e-17 1040.43
1850 450 1.80844e-17 1012.42
1850 500 1.82892e-17 986.154
1900 50 1.58378e-17 1308.63
1900 100 1.60953e-17 1272.79
1900 550 1.81459e-17 1006.23
1900 600 1.83035e-17 984.886
1900 650 1.84737e-17 965.66
1900 700 1.86249e-17 948.683
1900 750 1.87976e-17 934.077
1900 800 1.89446e-17 921.954
1900 850 1.90647e-17 912.414
1900 900 1.91529e-17 905.539
1900 950 1.91998e-17 901.388
1900 1000 1.92153e-17 900
1900 150 1.62942e-17 1237.94
1900 1050 1.91998e-17 901.388
1900 1100 1.91529e-17 905.539
1900 1150 1.90647e-17 912.414
1900 1200 1.89446e-17 921.954
1900 1250 1.87976e-17 934.077
1900 1300 1.86249e-17 948.683
1900 1350 1.84737e-17 965.66
1900 1400 1.83035e-17 984.886
1900 1450 1.81459e-17 1006.23
1900 1500 1.79355e-17 1029.56
1900 200 1.65451e-17 1204.16
1900 1550 1.76797e-17 1054.75
1900 1600 1.74527e-17 1081.67
1900 1650 1.72492e-17 1110.18
1900 1700 1.69924e-17 1140.18
1900 1750 1.67613e-17 1171.54
1900 1800 1.65451e-17 1204.16
1900 1850 1.62942e-17 1237.94
1900 1900 1.60953e-17 1272.79
1900 250 1.67613e-17 1171.54
1900 300 1.69924e-17 1140.18
1900 350 1.72492e-17 1110.18
1900 400 1.74527e-17 1081.67
1900 450 1.76797e-17 1054.75
1900 500 1.79355e-17 1029.56
200 50 1.62686e-17 1241.97
200 100 1.65451e-17 1204.16
200 550 1.89985e-17 917.878
200 600 1.92878e-17 894.427
200 650 1.94265e-17 873.212
200 700 1.96329e-17 854.4
200 750 1.9838e-17 838.153
200 800 2.00374e-17 824.621
200 850 2.02008e-17 813.941
200 900 2.03187e-17 806.226
200 950 2.0393e-17 801.561
200 1000 2.04197e-17 800
200 150 1.67938e-17 1167.26
200 1050 2.0393e-17 801.561
200 1100 2.03187e-17 806.226
200 1150 2.02008e-17 813.941
200 1200 2.00374e-17 824.621
200 1250 1.9838e-17 838.153
200 1300 1.96329e-17 854.4
200 1350 1.94265e-17 873.212
200 1400 1.92878e-17 894.427
200 1450 1.89985e-17 917.878
200 1500 1.87434e-17 943.398
200 200 1.70911e-17 1131.37
200 1550 1.84221e-17 970.824
200 1600 1.82083e-17 1000
200 1650 1.79236e-17 1030.78
200 1700 1.76033e-17 1063.01
200 1750 1.73525e-17 1096.59
200 1800 1.70911e-17 1131.37
200 1850 1.67938e-17 1167.26
200 1900 1.65451e-17 1204.16
200 250 1.73525e-17 1096.59
200 300 1.76033e-17 1063.01
200 350 1.79236e-17 1030.78
200 400 1.82083e-17 1000
200 450 1.84221e-17 970.824
200 500 1.87434e-17 943.398
250 50 1.6501e-17 1210.37
250 100 1.67613e-17 1171.54
250 550 1.94123e-17 874.643
250 600 1.96666e-17 850
250 650 1.99931e-17 827.647
250 700 2.02976e-17 807.775
250 750 2.04725e-17 790.569
250 800 2.07138e-17 776.209
250 850 2.0834e-17 764.853
250 900 2.09142e-17 756.637
250 950 2.09675e-17 751.665
250 1000 2.09842e-17 750
250 150 1.70794e-17 1133.58
250 1050 2.09675e-17 751.665
250 1100 2.09142e-17 756.637
250 1150 2.0834e-17 764.853
250 1200 2.07138e-17 776.209
250 1250 2.04725e-17 790.569
250 1300 2.02976e-17 807.775
250 1350 1.99931e-17 827.647
250 1400 1.96666e-17 850
250 1450 1.94123e-17 874.643
250 1500 1.91989e-17 901.388
250 200 1.73525e-17 1096.59
250 1550 1.88482e-17 930.054
250 1600 1.8522e-17 960.469
250 1650 1.82922e-17 992.472
250 1700 1.7965e-17 1025.91
250 1750 1.76268e-17 1060.66
250 1800 1.73525e-17 1096.59
250 1850 1.70794e-17 1133.58
250 1900 1.67613e-17 1171.54
250 250 1.76268e-17 1060.66
250 300 1.7965e-17 1025.91
250 350 1.82922e-17 992.472
250 400 1.8522e-17 960.469
250 450 1.88482e-17 930.054
250 500 1.91989e-17 901.388
300 50 1.67025e-17 1180.04
300 100 1.69924e-17 1140.18
300 550 1.99243e-17 832.166
300 600 2.032e-17 806.226
300 650 2.05522e-17 782.624
300 700 2.08651e-17 761.577
300 750 2.1044e-17 743.303
300 800 2.1311e-17 728.011
300 850 2.15455e-17 715.891
300 900 2.17174e-17 707.107
300 950 2.18169e-17 701.783
300 1000 2.1854e-17 700
300 150 1.73109e-17 1101.14
300 1050 2.18169e-17 701.783
300 1100 2.17174e-17 707.107
300 1150 2.15455e-17 715.891
300 1200 2.1311e-17 728.011
300 1250 2.1044e-17 743.303
300 1300 2.08651e-17 761.577
300 1350 2.05522e-17 782.624
300 1400 2.032e-17 806.226
300 1450 1.99243e-17 832.166
300 1500 1.95615e-17 860.233
300 200 1.76033e-17 1063.01
300 1550 1.92714e-17 890.225
300 1600 1.89474e-17 921.954
300 1650 1.85746e-17 955.249
300 1700 1.82621e-17 989.949
300 1750 1.7965e-17 1025.91
300 1800 1.76033e-17 1063.01
300 1850 1.73109e-17 1101.14
300 1900 1.69924e-17 1140.18
300 250 1.7965e-17 1025.91
300 300 1.82621e-17 989.949
300 350 1.85746e-17 955.249
300 400 1.89474e-17 921.954
300 450 1.92714e-17 890.225
300 500 1.95615e-17 860.233
350 50 1.69131e-17 1151.09
350 100 1.72492e-17 1110.18
350 550 2.0471e-17 790.569
350 600 2.08507e-17 763.217
350 650 2.11294e-17 738.241
350 700 2.15443e-17 715.891
350 750 2.19157e-17 696.419
350 800 2.21723e-17 680.074
350 850 2.23428e-17 667.083
350 900 2.24522e-17 657.647
350 950 2.25162e-17 651.92
350 1000 2.25698e-17 650
350 150 1.75409e-17 1070.05
350 1050 2.25162e-17 651.92
350 1100 2.24522e-17 657.647
350 1150 2.23428e-17 667.083
350 1200 2.21723e-17 680.074
350 1250 2.19157e-17 696.419
350 1300 2.15443e-17 715.891
350 1350 2.11294e-17 738.241
350 1400 2.08507e-17 763.217
350 1450 2.0471e-17 790.569
350 1500 2.01063e-17 820.061
350 200 1.79236e-17 1030.78
350 1550 1.96508e-17 851.469
350 1600 1.93212e-17 884.59
350 1650 1.89813e-17 919.239
350 1700 1.85746e-17 955.249
350 1750 1.82922e-17 992.472
350 1800 1.79236e-17 1030.78
350 1850 1.75409e-17 1070.05
350 1900 1.72492e-17 1110.18
350 250 1.82922e-17 992.472
350 300 1.85746e-17 955.249
350 350 1.89813e-17 919.239
350 400 1.93212e-17 884.59
350 450 1.96508e-17 851.469
350 500 2.01063e-17 820.061
400 50 1.71614e-17 1123.61
400 100 1.74527e-17 1081.67
400 550 2.0982e-17 750
400 600 2.14462e-17 721.11
400 650 2.19452e-17 694.622
400 700 2.22963e-17 670.82
400 750 2.25715e-17 650
400 800 2.28145e-17 632.456
400 850 2.31501e-17 618.466
400 900 2.34175e-17 608.276
400 950 2.35671e-17 602.08
400 1000 2.36688e-17 600
400 150 1.78409e-17 1040.43
400 1050 2.35671e-17 602.08
400 1100 2.34175e-17 608.276
400 1150 2.31501e-17 618.466
400 1200 2.28145e-17 632.456
400 1250 2.25715e-17 650
400 1300 2.22963e-17 670.82
400 1350 2.19452e-17 694.622
400 1400 2.14462e-17 721.11
400 1450 2.0982e-17 750
400 1500 2.0566e-17 781.025
400 200 1.82083e-17 1000
400 1550 2.0202e-17 813.941
400 1600 1.9683e-17 848.528
400 1650 1.93212e-17 884.59
400 1700 1.89474e-17 921.954
400 1750 1.8522e-17 960.469
400 1800 1.82083e-17 1000
400 1850 1.78409e-17 1040.43
400 1900 1.74527e-17 1081.67
400 250 1.8522e-17 960.469
400 300 1.89474e-17 921.954
400 350 1.93212e-17 884.59
400 400 1.9683e-17 848.528
400 450 2.0202e-17 813.941
400 500 2.0566e-17 781.025
450 50 1.7365e-17 1097.72
450 100 1.76797e-17 1054.75
450 550 2.16459e-17 710.634
450 600 2.2177e-17 680.074
450 650 2.2512e-17 651.92
450 700 2.29547e-17 626.498
450 750 2.35092e-17 604.152
450 800 2.39576e-17 585.235
450 850 2.42619e-17 570.088
450 900 2.44271e-17 559.017
450 950 2.43077e-17 552.268
450 1000 2.43445e-17 550
450 150 1.80844e-17 1012.42
450 1050 2.43077e-17 552.268
450 1100 2.44271e-17 559.017
450 1150 2.42619e-17 570.088
450 1200 2.39576e-17 585.235
450 1250 2.35092e-17 604.152
450 1300 2.29547e-17 626.498
450 1350 2.2512e-17 651.92
450 1400 2.2177e-17 680.074
450 1450 2.16459e-17 710.634
450 1500 2.10469e-17 743.303
450 200 1.84221e-17 970.824
450 1550 2.05971e-17 777.817
450 1600 2.0202e-17 813.941
450 1650 1.96508e-17 851.469
450 1700 1.92714e-17 890.225
450 1750 1.88482e-17 930.054
450 1800 1.84221e-17 970.824
450 1850 1.80844e-17 1012.42
450 1900 1.76797e-17 1054.75
450 250 1.88482e-17 930.054
450 300 1.92714e-17 890.225
450 350 1.96508e-17 851.469
450 400 2.0202e-17 813.941
450 450 2.05971e-17 777.817
450 500 2.10469e-17 743.303
500 50 1.7518e-17 1073.55
500 100 1.79355e-17 1029.56
500 550 2.22737e-17 672.681
500 600 2.26456e-17 640.312
500 650 2.33608e-17 610.328
500 700 2.40073e-17 583.095
500 750 2.44258e-17 559.017
500 800 2.4576e-17 538.516
500 850 2.50597e-17 522.015
500 900 2.55182e-17 509.902
500 950 2.58099e-17 502.494
500 1000 2.58863e-17 500
500 150 1.82892e-17 986.154
500 1050 2.58099e-17 502.494
500 1100 2.55182e-17 509.902
500 1150 2.50597e-17 522.015
500 1200 2.4576e-17 538.516
500 1250 2.44258e-17 559.017
500 1300 2.40073e-17 583.095
500 1350 2.33608e-17 610.328
500 1400 2.26456e-17 640.312
500 1450 2.22737e-17 672.681
500 1500 2.17191e-17 707.107
500 200 1.87434e-17 943.398
500 1550 2.10469e-17 743.303
500 1600 2.0566e-17 781.025
500 1650 2.01063e-17 820.061
500 1700 1.95615e-17 860.233
500 1750 1.91989e-17 901.388
500 1800 1.87434e-17 943.398
500 1850 1.82892e-17 986.154
500 1900 1.79355e-17 1029.56
500 250 1.91989e-17 901.388
500 300 1.95615e-17 860.233
500 350 2.01063e-17 820.061
500 400 2.0566e-17 781.025
500 450 2.10469e-17 743.303
500 500 2.17191e-17 707.107
