50 50 414.562 1343.5
50 100 403.8 1308.63
50 550 324.354 1051.19
50 600 318.055 1030.78
50 650 312.391 1012.42
50 700 307.398 996.243
50 750 303.109 982.344
50 800 299.554 970.824
50 850 296.76 961.769
50 900 294.747 955.249
50 950 293.533 951.315
50 1000 293.127 950
50 150 393.347 1274.75
50 1050 293.533 951.315
50 1100 294.747 955.249
50 1150 296.76 961.769
50 1200 299.554 970.824
50 1250 303.109 982.344
50 1300 307.398 996.243
50 1350 312.391 1012.42
50 1400 318.055 1030.78
50 1450 324.354 1051.19
50 1500 331.253 1073.55
50 200 383.231 1241.97
50 1550 338.715 1097.72
50 1600 346.703 1123.61
50 1650 355.182 1151.09
50 1700 364.118 1180.04
50 1750 373.478 1210.37
50 1800 383.231 1241.97
50 1850 393.347 1274.75
50 1900 403.8 1308.63
50 250 373.478 1210.37
50 300 364.118 1180.04
50 350 355.182 1151.09
50 400 346.703 1123.61
50 450 338.715 1097.72
50 500 331.253 1073.55
550 50 324.354 1051.19
550 100 310.481 1006.23
550 550 196.364 636.396
550 600 185.775 602.08
550 650 175.902 570.088
550 700 166.879 540.833
550 750 158.842 514.782
550 800 151.945 492.443
550 850 146.357 474.342
550 900 142.234 460.977
550 950 139.703 452.769
550 1000 138.85 450
550 150 296.761 961.769
550 1050 139.703 452.769
550 1100 142.234 460.977
550 1150 146.357 474.342
550 1200 151.945 492.443
550 1250 158.842 514.782
550 1300 166.879 540.833
550 1350 175.902 570.088
550 1400 185.775 602.08
550 1450 196.364 636.396
550 1500 207.558 672.681
550 200 283.217 917.878
550 1550 219.269 710.634
550 1600 231.416 750
550 1650 243.934 790.569
550 1700 256.769 832.166
550 1750 269.876 874.643
550 1800 283.217 917.878
550 1850 296.761 961.769
550 1900 310.481 1006.23
550 250 269.876 874.643
550 300 256.769 832.166
550 350 243.934 790.569
550 400 231.416 750
550 450 219.269 710.634
550 500 207.558 672.681
600 50 318.055 1030.78
600 100 303.894 984.886
600 550 185.775 602.08
600 600 174.544 565.685
600 650 164.003 531.507
600 700 154.278 500
600 750 145.542 471.699
600 800 137.992 447.214
600 850 131.822 427.2
600 900 127.225 412.311
600 950 124.386 403.113
600 1000 123.424 400
600 150 289.863 939.415
600 1050 124.386 403.113
600 1100 127.225 412.311
600 1150 131.822 427.2
600 1200 137.992 447.214
600 1250 145.542 471.699
600 1300 154.278 500
600 1350 164.003 531.507
600 1400 174.544 565.685
600 1450 185.775 602.08
600 1500 197.572 640.312
600 200 275.981 894.427
600 1550 209.839 680.074
600 1600 222.502 721.11
600 1650 235.494 763.217
600 1700 248.765 806.226
600 1750 262.272 850
600 1800 275.981 894.427
600 1850 289.863 939.415
600 1900 303.894 984.886
600 250 262.272 850
600 300 248.765 806.226
600 350 235.494 763.217
600 400 222.502 721.11
600 450 209.839 680.074
600 500 197.572 640.312
650 50 312.391 1012.42
650 100 297.962 965.66
650 550 175.902 570.088
650 600 164.003 531.507
650 650 152.727 494.975
650 700 142.235 460.977
650 750 132.722 430.116
650 800 124.386 403.113
650 850 117.49 380.789
650 900 112.309 364.005
650 950 109.085 353.553
650 1000 107.99 350
650 150 283.637 919.239
650 1050 109.085 353.553
650 1100 112.309 364.005
650 1150 117.49 380.789
650 1200 124.386 403.113
650 1250 132.722 430.116
650 1300 142.235 460.977
650 1350 152.727 494.975
650 1400 164.003 531.507
650 1450 175.902 570.088
650 1500 188.322 610.328
650 200 269.434 873.212
650 1550 201.153 651.92
650 1600 214.328 694.622
650 1650 227.788 738.241
650 1700 241.482 782.624
650 1750 255.375 827.647
650 1800 269.434 873.212
650 1850 283.637 919.239
650 1900 297.962 965.66
650 250 255.375 827.647
650 300 241.482 782.624
650 350 227.788 738.241
650 400 214.328 694.622
650 450 201.153 651.92
650 500 188.322 610.328
700 50 307.398 996.243
700 100 292.722 948.683
700 550 166.879 540.833
700 600 154.278 500
700 650 142.235 460.977
700 700 130.917 424.264
700 750 120.495 390.512
700 800 111.245 360.555
700 850 103.499 335.41
700 900 97.5918 316.228
700 950 93.8587 304.138
700 1000 92.5791 300
700 150 278.128 901.388
700 1050 93.8587 304.138
700 1100 97.5918 316.228
700 1150 103.499 335.41
700 1200 111.245 360.555
700 1250 120.495 390.512
700 1300 130.917 424.264
700 1350 142.235 460.977
700 1400 154.278 500
700 1450 166.879 540.833
700 1500 179.915 583.095
700 200 263.629 854.4
700 1550 193.311 626.498
700 1600 206.984 670.82
700 1650 220.891 715.891
700 1700 234.988 761.577
700 1750 249.242 807.775
700 1800 263.629 854.4
700 1850 278.128 901.388
700 1900 292.722 948.683
700 250 249.242 807.775
700 300 234.988 761.577
700 350 220.891 715.891
700 400 206.984 670.82
700 450 193.311 626.498
700 500 179.915 583.095
750 50 303.109 982.344
750 100 288.215 934.077
750 550 158.842 514.782
750 600 145.542 471.699
750 650 132.722 430.116
750 700 120.495 390.512
750 750 109.086 353.553
750 800 98.8039 320.156
750 850 89.9642 291.548
750 900 83.0569 269.258
750 950 78.6439 254.951
750 1000 77.1219 250
750 150 273.38 886.002
750 1050 78.6439 254.951
750 1100 83.0569 269.258
750 1150 89.9642 291.548
750 1200 98.8039 320.156
750 1250 109.086 353.553
750 1300 120.495 390.512
750 1350 132.722 430.116
750 1400 145.542 471.699
750 1450 158.842 514.782
750 1500 172.487 559.017
750 200 258.616 838.153
750 1550 186.414 604.152
750 1600 200.56 650
750 1650 214.882 696.419
750 1700 229.349 743.303
750 1750 243.933 790.569
750 1800 258.616 838.153
750 1850 273.38 886.002
750 1900 288.215 934.077
750 250 243.933 790.569
750 300 229.349 743.303
750 350 214.882 696.419
750 400 200.56 650
750 450 186.414 604.152
750 500 172.487 559.017
800 50 299.554 970.824
800 100 284.474 921.954
800 550 151.945 492.443
800 600 137.992 447.214
800 650 124.386 403.113
800 700 111.245 360.555
800 750 98.8039 320.156
800 800 87.2663 282.843
800 850 77.1225 250
800 900 69.0356 223.607
800 950 63.6612 206.155
800 1000 61.7527 200
800 150 269.434 873.212
800 1050 63.6612 206.155
800 1100 69.0356 223.607
800 1150 77.1225 250
800 1200 87.2663 282.843
800 1250 98.8039 320.156
800 1300 111.245 360.555
800 1350 124.386 403.113
800 1400 137.992 447.214
800 1450 151.945 492.443
800 1500 166.164 538.516
800 200 254.44 824.621
800 1550 180.575 585.235
800 1600 195.147 632.456
800 1650 209.838 680.074
800 1700 224.63 728.011
800 1750 239.502 776.209
800 1800 254.44 824.621
800 1850 269.434 873.212
800 1900 284.474 921.954
800 250 239.502 776.209
800 300 224.63 728.011
800 350 209.838 680.074
800 400 195.147 632.456
800 450 180.575 585.235
800 500 166.164 538.516
850 50 296.76 961.769
850 100 281.53 912.414
850 550 146.357 474.342
850 600 131.822 427.2
850 650 117.49 380.789
850 700 103.499 335.41
850 750 89.9642 291.548
850 800 77.1225 250
850 850 65.5075 212.132
850 900 55.6078 180.278
850 950 48.7419 158.114
850 1000 46.2525 150
850 150 266.323 863.134
850 1050 48.7419 158.114
850 1100 55.6078 180.278
850 1150 65.5075 212.132
850 1200 77.1225 250
850 1250 89.9642 291.548
850 1300 103.499 335.41
850 1350 117.49 380.789
850 1400 131.822 427.2
850 1450 146.357 474.342
850 1500 161.074 522.015
850 200 251.144 813.941
850 1550 175.901 570.088
850 1600 190.832 618.466
850 1650 205.83 667.083
850 1700 220.89 715.891
850 1750 235.997 764.853
850 1800 251.144 813.941
850 1850 266.323 863.134
850 1900 281.53 912.414
850 250 235.997 764.853
850 300 220.89 715.891
850 350 205.83 667.083
850 400 190.832 618.466
850 450 175.901 570.088
850 500 161.074 522.015
900 50 294.747 955.249
900 100 279.408 905.539
900 550 142.234 460.977
900 600 127.225 412.311
900 650 112.309 364.005
900 700 97.5918 316.228
900 750 83.0569 269.258
900 800 69.0356 223.607
900 850 55.6078 180.278
900 900 43.6141 141.421
900 950 34.4819 111.803
900 1000 30.9095 100
900 150 264.08 855.862
900 1050 34.4819 111.803
900 1100 43.6141 141.421
900 1150 55.6078 180.278
900 1200 69.0356 223.607
900 1250 83.0569 269.258
900 1300 97.5918 316.228
900 1350 112.309 364.005
900 1400 127.225 412.311
900 1450 142.234 460.977
900 1500 157.334 509.902
900 200 248.763 806.226
900 1550 172.486 559.017
900 1600 187.686 608.276
900 1650 202.918 657.647
900 1700 218.179 707.107
900 1750 233.462 756.637
900 1800 248.763 806.226
900 1850 264.08 855.862
900 1900 279.408 905.539
900 250 233.462 756.637
900 300 218.179 707.107
900 350 202.918 657.647
900 400 187.686 608.276
900 450 172.486 559.017
900 500 157.334 509.902
950 50 293.533 951.315
950 100 278.127 901.388
950 550 139.703 452.769
950 600 124.386 403.113
950 650 109.085 353.553
950 700 93.8587 304.138
950 750 78.6439 254.951
950 800 63.6612 206.155
950 850 48.7419 158.114
950 900 34.4819 111.803
950 950 21.9171 70.7107
950 1000 15.4648 50
950 150 262.724 851.469
950 1050 21.9171 70.7107
950 1100 34.4819 111.803
950 1150 48.7419 158.114
950 1200 63.6612 206.155
950 1250 78.6439 254.951
950 1300 93.8587 304.138
950 1350 109.085 353.553
950 1400 124.386 403.113
950 1450 139.703 452.769
950 1500 155.047 502.494
950 200 247.324 801.561
950 1550 170.404 552.268
950 1600 185.773 602.08
950 1650 201.151 651.92
950 1700 216.537 701.783
950 1750 231.928 751.665
950 1800 247.324 801.561
950 1850 262.724 851.469
950 1900 278.127 901.388
950 250 231.928 751.665
950 300 216.537 701.783
950 350 201.151 651.92
950 400 185.773 602.08
950 450 170.404 552.268
950 500 155.047 502.494
1000 50 293.127 950
1000 100 277.699 900
1000 550 138.85 450
1000 600 123.424 400
1000 650 107.99 350
1000 700 92.5791 300
1000 750 77.1219 250
1000 800 61.7527 200
1000 850 46.2525 150
1000 900 30.9095 100
1000 950 15.4648 50
1000 150 262.27 850
1000 1050 15.4648 50
1000 1100 30.9095 100
1000 1150 46.2525 150
1000 1200 61.7527 200
1000 1250 77.1219 250
1000 1300 92.5791 300
1000 1350 107.99 350
1000 1400 123.424 400
1000 1450 138.85 450
1000 1500 154.277 500
1000 200 246.842 800
1000 1550 169.705 550
1000 1600 185.131 600
1000 1650 200.559 650
1000 1700 215.986 700
1000 1750 231.414 750
1000 1800 246.842 800
1000 1850 262.27 850
1000 1900 277.699 900
1000 250 231.414 750
1000 300 215.986 700
1000 350 200.559 650
1000 400 185.131 600
1000 450 169.705 550
1000 500 154.277 500
100 50 403.8 1308.63
100 100 392.741 1272.79
100 550 310.481 1006.23
100 600 303.894 984.886
100 650 297.962 965.66
100 700 292.722 948.683
100 750 288.215 934.077
100 800 284.474 921.954
100 850 281.53 912.414
100 900 279.408 905.539
100 950 278.127 901.388
100 1000 277.699 900
100 150 381.986 1237.94
100 1050 278.127 901.388
100 1100 279.408 905.539
100 1150 281.53 912.414
100 1200 284.474 921.954
100 1250 288.215 934.077
100 1300 292.722 948.683
100 1350 297.962 965.66
100 1400 303.894 984.886
100 1450 310.481 1006.23
100 1500 317.681 1029.56
100 200 371.561 1204.16
100 1550 325.454 1054.75
100 1600 333.759 1081.67
100 1650 342.559 1110.18
100 1700 351.815 1140.18
100 1750 361.494 1171.54
100 1800 371.561 1204.16
100 1850 381.986 1237.94
100 1900 392.741 1272.79
100 250 361.494 1171.54
100 300 351.815 1140.18
100 350 342.559 1110.18
100 400 333.759 1081.67
100 450 325.454 1054.75
100 500 317.681 1029.56
1050 50 293.533 951.315
1050 100 278.127 901.388
1050 550 139.703 452.769
1050 600 124.386 403.113
1050 650 109.085 353.553
1050 700 93.8587 304.138
1050 750 78.6439 254.951
1050 800 63.6612 206.155
1050 850 48.7419 158.114
1050 900 34.4819 111.803
1050 950 21.9171 70.7107
1050 1000 15.4648 50
1050 150 262.724 851.469
1050 1050 21.9171 70.7107
1050 1100 34.4819 111.803
1050 1150 48.7419 158.114
1050 1200 63.6612 206.155
1050 1250 78.6439 254.951
1050 1300 93.8587 304.138
1050 1350 109.085 353.553
1050 1400 124.386 403.113
1050 1450 139.703 452.769
1050 1500 155.047 502.494
1050 200 247.324 801.561
1050 1550 170.404 552.268
1050 1600 185.773 602.08
1050 1650 201.151 651.92
1050 1700 216.537 701.783
1050 1750 231.928 751.665
1050 1800 247.324 801.561
1050 1850 262.724 851.469
1050 1900 278.127 901.388
1050 250 231.928 751.665
1050 300 216.537 701.783
1050 350 201.151 651.92
1050 400 185.773 602.08
1050 450 170.404 552.268
1050 500 155.047 502.494
1100 50 294.747 955.249
1100 100 279.408 905.539
1100 550 142.234 460.977
1100 600 127.225 412.311
1100 650 112.309 364.005
1100 700 97.5918 316.228
1100 750 83.0569 269.258
1100 800 69.0356 223.607
1100 850 55.6078 180.278
1100 900 43.6141 141.421
1100 950 34.4819 111.803
1100 1000 30.9095 100
1100 150 264.08 855.862
1100 1050 34.4819 111.803
1100 1100 43.6141 141.421
1100 1150 55.6078 180.278
1100 1200 69.0356 223.607
1100 1250 83.0569 269.258
1100 1300 97.5918 316.228
1100 1350 112.309 364.005
1100 1400 127.225 412.311
1100 1450 142.234 460.977
1100 1500 157.334 509.902
1100 200 248.763 806.226
1100 1550 172.486 559.017
1100 1600 187.686 608.276
1100 1650 202.918 657.647
1100 1700 218.179 707.107
1100 1750 233.462 756.637
1100 1800 248.763 806.226
1100 1850 264.08 855.862
1100 1900 279.408 905.539
1100 250 233.462 756.637
1100 300 218.179 707.107
1100 350 202.918 657.647
1100 400 187.686 608.276
1100 450 172.486 559.017
1100 500 157.334 509.902
1150 50 296.76 961.769
1150 100 281.53 912.414
1150 550 146.357 474.342
1150 600 131.822 427.2
1150 650 117.49 380.789
1150 700 103.499 335.41
1150 750 89.9642 291.548
1150 800 77.1225 250
1150 850 65.5075 212.132
1150 900 55.6078 180.278
1150 950 48.7419 158.114
1150 1000 46.2525 150
1150 150 266.323 863.134
1150 1050 48.7419 158.114
1150 1100 55.6078 180.278
1150 1150 65.5075 212.132
1150 1200 77.1225 250
1150 1250 89.9642 291.548
1150 1300 103.499 335.41
1150 1350 117.49 380.789
1150 1400 131.822 427.2
1150 1450 146.357 474.342
1150 1500 161.074 522.015
1150 200 251.144 813.941
1150 1550 175.901 570.088
1150 1600 190.832 618.466
1150 1650 205.83 667.083
1150 1700 220.89 715.891
1150 1750 235.997 764.853
1150 1800 251.144 813.941
1150 1850 266.323 863.134
1150 1900 281.53 912.414
1150 250 235.997 764.853
1150 300 220.89 715.891
1150 350 205.83 667.083
1150 400 190.832 618.466
1150 450 175.901 570.088
1150 500 161.074 522.015
1200 50 299.554 970.824
1200 100 284.474 921.954
1200 550 151.945 492.443
1200 600 137.992 447.214
1200 650 124.386 403.113
1200 700 111.245 360.555
1200 750 98.8039 320.156
1200 800 87.2663 282.843
1200 850 77.1225 250
1200 900 69.0356 223.607
1200 950 63.6612 206.155
1200 1000 61.7527 200
1200 150 269.434 873.212
1200 1050 63.6612 206.155
1200 1100 69.0356 223.607
1200 1150 77.1225 250
1200 1200 87.2663 282.843
1200 1250 98.8039 320.156
1200 1300 111.245 360.555
1200 1350 124.386 403.113
1200 1400 137.992 447.214
1200 1450 151.945 492.443
1200 1500 166.164 538.516
1200 200 254.44 824.621
1200 1550 180.575 585.235
1200 1600 195.147 632.456
1200 1650 209.838 680.074
1200 1700 224.63 728.011
1200 1750 239.502 776.209
1200 1800 254.44 824.621
1200 1850 269.434 873.212
1200 1900 284.474 921.954
1200 250 239.502 776.209
1200 300 224.63 728.011
1200 350 209.838 680.074
1200 400 195.147 632.456
1200 450 180.575 585.235
1200 500 166.164 538.516
1250 50 303.109 982.344
1250 100 288.215 934.077
1250 550 158.842 514.782
1250 600 145.542 471.699
1250 650 132.722 430.116
1250 700 120.495 390.512
1250 750 109.086 353.553
1250 800 98.8039 320.156
1250 850 89.9642 291.548
1250 900 83.0569 269.258
1250 950 78.6439 254.951
1250 1000 77.1219 250
1250 150 273.38 886.002
1250 1050 78.6439 254.951
1250 1100 83.0569 269.258
1250 1150 89.9642 291.548
1250 1200 98.8039 320.156
1250 1250 109.086 353.553
1250 1300 120.495 390.512
1250 1350 132.722 430.116
1250 1400 145.542 471.699
1250 1450 158.842 514.782
1250 1500 172.487 559.017
1250 200 258.616 838.153
1250 1550 186.414 604.152
1250 1600 200.56 650
1250 1650 214.882 696.419
1250 1700 229.349 743.303
1250 1750 243.933 790.569
1250 1800 258.616 838.153
1250 1850 273.38 886.002
1250 1900 288.215 934.077
1250 250 243.933 790.569
1250 300 229.349 743.303
1250 350 214.882 696.419
1250 400 200.56 650
1250 450 186.414 604.152
1250 500 172.487 559.017
1300 50 307.398 996.243
1300 100 292.722 948.683
1300 550 166.879 540.833
1300 600 154.278 500
1300 650 142.235 460.977
1300 700 130.917 424.264
1300 750 120.495 390.512
1300 800 111.245 360.555
1300 850 103.499 335.41
1300 900 97.5918 316.228
1300 950 93.8587 304.138
1300 1000 92.5791 300
1300 150 278.128 901.388
1300 1050 93.8587 304.138
1300 1100 97.5918 316.228
1300 1150 103.499 335.41
1300 1200 111.245 360.555
1300 1250 120.495 390.512
1300 1300 130.917 424.264
1300 1350 142.235 460.977
1300 1400 154.278 500
1300 1450 166.879 540.833
1300 1500 179.915 583.095
1300 200 263.629 854.4
1300 1550 193.311 626.498
1300 1600 206.984 670.82
1300 1650 220.891 715.891
1300 1700 234.988 761.577
1300 1750 249.242 807.775
1300 1800 263.629 854.4
1300 1850 278.128 901.388
1300 1900 292.722 948.683
1300 250 249.242 807.775
1300 300 234.988 761.577
1300 350 220.891 715.891
1300 400 206.984 670.82
1300 450 193.311 626.498
1300 500 179.915 583.095
1350 50 312.391 1012.42
1350 100 297.962 965.66
1350 550 175.902 570.088
1350 600 164.003 531.507
1350 650 152.727 494.975
1350 700 142.235 460.977
1350 750 132.722 430.116
1350 800 124.386 403.113
1350 850 117.49 380.789
1350 900 112.309 364.005
1350 950 109.085 353.553
1350 1000 107.99 350
1350 150 283.637 919.239
1350 1050 109.085 353.553
1350 1100 112.309 364.005
1350 1150 117.49 380.789
1350 1200 124.386 403.113
1350 1250 132.722 430.116
1350 1300 142.235 460.977
1350 1350 152.727 494.975
1350 1400 164.003 531.507
1350 1450 175.902 570.088
1350 1500 188.322 610.328
1350 200 269.434 873.212
1350 1550 201.153 651.92
1350 1600 214.328 694.622
1350 1650 227.788 738.241
1350 1700 241.482 782.624
1350 1750 255.375 827.647
1350 1800 269.434 873.212
1350 1850 283.637 919.239
1350 1900 297.962 965.66
1350 250 255.375 827.647
1350 300 241.482 782.624
1350 350 227.788 738.241
1350 400 214.328 694.622
1350 450 201.153 651.92
1350 500 188.322 610.328
1400 50 318.055 1030.78
1400 100 303.894 984.886
1400 550 185.775 602.08
1400 600 174.544 565.685
1400 650 164.003 531.507
1400 700 154.278 500
1400 750 145.542 471.699
1400 800 137.992 447.214
1400 850 131.822 427.2
1400 900 127.225 412.311
1400 950 124.386 403.113
1400 1000 123.424 400
1400 150 289.863 939.415
1400 1050 124.386 403.113
1400 1100 127.225 412.311
1400 1150 131.822 427.2
1400 1200 137.992 447.214
1400 1250 145.542 471.699
1400 1300 154.278 500
1400 1350 164.003 531.507
1400 1400 174.544 565.685
1400 1450 185.775 602.08
1400 1500 197.572 640.312
1400 200 275.981 894.427
1400 1550 209.839 680.074
1400 1600 222.502 721.11
1400 1650 235.494 763.217
1400 1700 248.765 806.226
1400 1750 262.272 850
1400 1800 275.981 894.427
1400 1850 289.863 939.415
1400 1900 303.894 984.886
1400 250 262.272 850
1400 300 248.765 806.226
1400 350 235.494 763.217
1400 400 222.502 721.11
1400 450 209.839 680.074
1400 500 197.572 640.312
1450 50 324.354 1051.19
1450 100 310.481 1006.23
1450 550 196.364 636.396
1450 600 185.775 602.08
1450 650 175.902 570.088
1450 700 166.879 540.833
1450 750 158.842 514.782
1450 800 151.945 492.443
1450 850 146.357 474.342
1450 900 142.234 460.977
1450 950 139.703 452.769
1450 1000 138.85 450
1450 150 296.761 961.769
1450 1050 139.703 452.769
1450 1100 142.234 460.977
1450 1150 146.357 474.342
1450 1200 151.945 492.443
1450 1250 158.842 514.782
1450 1300 166.879 540.833
1450 1350 175.902 570.088
1450 1400 185.775 602.08
1450 1450 196.364 636.396
1450 1500 207.558 672.681
1450 200 283.217 917.878
1450 1550 219.269 710.634
1450 1600 231.416 750
1450 1650 243.934 790.569
1450 1700 256.769 832.166
1450 1750 269.876 874.643
1450 1800 283.217 917.878
1450 1850 296.761 961.769
1450 1900 310.481 1006.23
1450 250 269.876 874.643
1450 300 256.769 832.166
1450 350 243.934 790.569
1450 400 231.416 750
1450 450 219.269 710.634
1450 500 207.558 672.681
1500 50 331.253 1073.55
1500 100 317.681 1029.56
1500 550 207.558 672.681
1500 600 197.572 640.312
1500 650 188.322 610.328
1500 700 179.915 583.095
1500 750 172.487 559.017
1500 800 166.164 538.516
1500 850 161.074 522.015
1500 900 157.334 509.902
1500 950 155.047 502.494
1500 1000 154.277 500
1500 150 304.286 986.154
1500 1050 155.047 502.494
1500 1100 157.334 509.902
1500 1150 161.074 522.015
1500 1200 166.164 538.516
1500 1250 172.487 559.017
1500 1300 179.915 583.095
1500 1350 188.322 610.328
1500 1400 197.572 640.312
1500 1450 207.558 672.681
1500 1500 218.181 707.107
1500 200 291.092 943.398
1500 1550 229.35 743.303
1500 1600 240.989 781.025
1500 1650 253.034 820.061
1500 1700 265.43 860.233
1500 1750 278.129 901.388
1500 1800 291.092 943.398
1500 1850 304.286 986.154
1500 1900 317.681 1029.56
1500 250 278.129 901.388
1500 300 265.43 860.233
1500 350 253.034 820.061
1500 400 240.989 781.025
1500 450 229.35 743.303
1500 500 218.181 707.107
150 50 393.347 1274.75
150 100 381.986 1237.94
150 550 296.761 961.769
150 600 289.863 939.415
150 650 283.637 919.239
150 700 278.128 901.388
150 750 273.38 886.002
150 800 269.434 873.212
150 850 266.323 863.134
150 900 264.08 855.862
150 950 262.724 851.469
150 1000 262.27 850
150 150 370.92 1202.08
150 1050 262.724 851.469
150 1100 264.08 855.862
150 1150 266.323 863.134
150 1200 269.434 873.212
150 1250 273.38 886.002
150 1300 278.128 901.388
150 1350 283.637 919.239
150 1400 289.863 939.415
150 1450 296.761 961.769
150 1500 304.286 986.154
150 200 360.174 1167.26
150 1550 312.392 1012.42
150 1600 321.036 1040.43
150 1650 330.174 1070.05
150 1700 339.768 1101.14
150 1750 349.779 1133.58
150 1800 360.174 1167.26
150 1850 370.92 1202.08
150 1900 381.986 1237.94
150 250 349.779 1133.58
150 300 339.768 1101.14
150 350 330.174 1070.05
150 400 321.036 1040.43
150 450 312.392 1012.42
150 500 304.286 986.154
1550 50 338.715 1097.72
1550 100 325.454 1054.75
1550 550 219.269 710.634
1550 600 209.839 680.074
1550 650 201.153 651.92
1550 700 193.311 626.498
1550 750 186.414 604.152
1550 800 180.575 585.235
1550 850 175.901 570.088
1550 900 172.486 559.017
1550 950 170.404 552.268
1550 1000 169.705 550
1550 150 312.392 1012.42
1550 1050 170.404 552.268
1550 1100 172.486 559.017
1550 1150 175.901 570.088
1550 1200 180.575 585.235
1550 1250 186.414 604.152
1550 1300 193.311 626.498
1550 1350 201.153 651.92
1550 1400 209.839 680.074
1550 1450 219.269 710.634
1550 1500 229.35 743.303
1550 200 299.556 970.824
1550 1550 240 777.817
1550 1600 251.146 813.941
1550 1650 262.726 851.469
1550 1700 274.685 890.225
1550 1750 286.975 930.054
1550 1800 299.556 970.824
1550 1850 312.392 1012.42
1550 1900 325.454 1054.75
1550 250 286.975 930.054
1550 300 274.685 890.225
1550 350 262.726 851.469
1550 400 251.146 813.941
1550 450 240 777.817
1550 500 229.35 743.303
1600 50 346.703 1123.61
1600 100 333.759 1081.67
1600 550 231.416 750
1600 600 222.502 721.11
1600 650 214.328 694.622
1600 700 206.984 670.82
1600 750 200.56 650
1600 800 195.147 632.456
1600 850 190.832 618.466
1600 900 187.686 608.276
1600 950 185.773 602.08
1600 1000 185.131 600
1600 150 321.036 1040.43
1600 1050 185.773 602.08
1600 1100 187.686 608.276
1600 1150 190.832 618.466
1600 1200 195.147 632.456
1600 1250 200.56 650
1600 1300 206.984 670.82
1600 1350 214.328 694.622
1600 1400 222.502 721.11
1600 1450 231.416 750
1600 1500 240.989 781.025
1600 200 308.559 1000
1600 1550 251.146 813.941
1600 1600 261.819 848.528
1600 1650 272.946 884.59
1600 1700 284.476 921.954
1600 1750 296.361 960.469
1600 1800 308.559 1000
1600 1850 321.036 1040.43
1600 1900 333.759 1081.67
1600 250 296.361 960.469
1600 300 284.476 921.954
1600 350 272.946 884.59
1600 400 261.819 848.528
1600 450 251.146 813.941
1600 500 240.989 781.025
1650 50 355.182 1151.09
1650 100 342.559 1110.18
1650 550 243.934 790.569
1650 600 235.494 763.217
1650 650 227.788 738.241
1650 700 220.891 715.891
1650 750 214.882 696.419
1650 800 209.838 680.074
1650 850 205.83 667.083
1650 900 202.918 657.647
1650 950 201.151 651.92
1650 1000 200.559 650
1650 150 330.174 1070.05
1650 1050 201.151 651.92
1650 1100 202.918 657.647
1650 1150 205.83 667.083
1650 1200 209.838 680.074
1650 1250 214.882 696.419
1650 1300 220.891 715.891
1650 1350 227.788 738.241
1650 1400 235.494 763.217
1650 1450 243.934 790.569
1650 1500 253.034 820.061
1650 200 318.056 1030.78
1650 1550 262.726 851.469
1650 1600 272.946 884.59
1650 1650 283.638 919.239
1650 1700 294.75 955.249
1650 1750 306.236 992.472
1650 1800 318.056 1030.78
1650 1850 330.174 1070.05
1650 1900 342.559 1110.18
1650 250 306.236 992.472
1650 300 294.75 955.249
1650 350 283.638 919.239
1650 400 272.946 884.59
1650 450 262.726 851.469
1650 500 253.034 820.061
1700 50 364.118 1180.04
1700 100 351.815 1140.18
1700 550 256.769 832.166
1700 600 248.765 806.226
1700 650 241.482 782.624
1700 700 234.988 761.577
1700 750 229.349 743.303
1700 800 224.63 728.011
1700 850 220.89 715.891
1700 900 218.179 707.107
1700 950 216.537 701.783
1700 1000 215.986 700
1700 150 339.768 1101.14
1700 1050 216.537 701.783
1700 1100 218.179 707.107
1700 1150 220.89 715.891
1700 1200 224.63 728.011
1700 1250 229.349 743.303
1700 1300 234.988 761.577
1700 1350 241.482 782.624
1700 1400 248.765 806.226
1700 1450 256.769 832.166
1700 1500 265.43 860.233
1700 200 328.005 1063.01
1700 1550 274.685 890.225
1700 1600 284.476 921.954
1700 1650 294.75 955.249
1700 1700 305.458 989.949
1700 1750 316.556 1025.91
1700 1800 328.005 1063.01
1700 1850 339.768 1101.14
1700 1900 351.815 1140.18
1700 250 316.556 1025.91
1700 300 305.458 989.949
1700 350 294.75 955.249
1700 400 284.476 921.954
1700 450 274.685 890.225
1700 500 265.43 860.233
1750 50 373.478 1210.37
1750 100 361.494 1171.54
1750 550 269.876 874.643
1750 600 262.272 850
1750 650 255.375 827.647
1750 700 249.242 807.775
1750 750 243.933 790.569
1750 800 239.502 776.209
1750 850 235.997 764.853
1750 900 233.462 756.637
1750 950 231.928 751.665
1750 1000 231.414 750
1750 150 349.779 1133.58
1750 1050 231.928 751.665
1750 1100 233.462 756.637
1750 1150 235.997 764.853
1750 1200 239.502 776.209
1750 1250 243.933 790.569
1750 1300 249.242 807.775
1750 1350 255.375 827.647
1750 1400 262.272 850
1750 1450 269.876 874.643
1750 1500 278.129 901.388
1750 200 338.364 1096.59
1750 1550 286.975 930.054
1750 1600 296.361 960.469
1750 1650 306.236 992.472
1750 1700 316.556 1025.91
1750 1750 327.278 1060.66
1750 1800 338.364 1096.59
1750 1850 349.779 1133.58
1750 1900 361.494 1171.54
1750 250 327.278 1060.66
1750 300 316.556 1025.91
1750 350 306.236 992.472
1750 400 296.361 960.469
1750 450 286.975 930.054
1750 500 278.129 901.388
1800 50 383.231 1241.97
1800 100 371.561 1204.16
1800 550 283.217 917.878
1800 600 275.981 894.427
1800 650 269.434 873.212
1800 700 263.629 854.4
1800 750 258.616 838.153
1800 800 254.44 824.621
1800 850 251.144 813.941
1800 900 248.763 806.226
1800 950 247.324 801.561
1800 1000 246.842 800
1800 150 360.174 1167.26
1800 1050 247.324 801.561
1800 1100 248.763 806.226
1800 1150 251.144 813.941
1800 1200 254.44 824.621
1800 1250 258.616 838.153
1800 1300 263.629 854.4
1800 1350 269.434 873.212
1800 1400 275.981 894.427
1800 1450 283.217 917.878
1800 1500 291.092 943.398
1800 200 349.098 1131.37
1800 1550 299.556 970.824
1800 1600 308.559 1000
1800 1650 318.056 1030.78
1800 1700 328.005 1063.01
1800 1750 338.364 1096.59
1800 1800 349.098 1131.37
1800 1850 360.174 1167.26
1800 1900 371.561 1204.16
1800 250 338.364 1096.59
1800 300 328.005 1063.01
1800 350 318.056 1030.78
1800 400 308.559 1000
1800 450 299.556 970.824
1800 500 291.092 943.398
1850 50 393.347 1274.75
1850 100 381.986 1237.94
1850 550 296.761 961.769
1850 600 289.863 939.415
1850 650 283.637 919.239
1850 700 278.128 901.388
1850 750 273.38 886.002
1850 800 269.434 873.212
1850 850 266.323 863.134
1850 900 264.08 855.862
1850 950 262.724 851.469
1850 1000 262.27 850
1850 150 370.92 1202.08
1850 1050 262.724 851.469
1850 1100 264.08 855.862
1850 1150 266.323 863.134
1850 1200 269.434 873.212
1850 1250 273.38 886.002
1850 1300 278.128 901.388
1850 1350 283.637 919.239
1850 1400 289.863 939.415
1850 1450 296.761 961.769
1850 1500 304.286 986.154
1850 200 360.174 1167.26
1850 1550 312.392 1012.42
1850 1600 321.036 1040.43
1850 1650 330.174 1070.05
1850 1700 339.768 1101.14
1850 1750 349.779 1133.58
1850 1800 360.174 1167.26
1850 1850 370.92 1202.08
1850 1900 381.986 1237.94
1850 250 349.779 1133.58
1850 300 339.768 1101.14
1850 350 330.174 1070.05
1850 400 321.036 1040.43
1850 450 312.392 1012.42
1850 500 304.286 986.154
1900 50 403.8 1308.63
1900 100 392.741 1272.79
1900 550 310.481 1006.23
1900 600 303.894 984.886
1900 650 297.962 965.66
1900 700 292.722 948.683
1900 750 288.215 934.077
1900 800 284.474 921.954
1900 850 281.53 912.414
1900 900 279.408 905.539
1900 950 278.127 901.388
1900 1000 277.699 900
1900 150 381.986 1237.94
1900 1050 278.127 901.388
1900 1100 279.408 905.539
1900 1150 281.53 912.414
1900 1200 284.474 921.954
1900 1250 288.215 934.077
1900 1300 292.722 948.683
1900 1350 297.962 965.66
1900 1400 303.894 984.886
1900 1450 310.481 1006.23
1900 1500 317.681 1029.56
1900 200 371.561 1204.16
1900 1550 325.454 1054.75
1900 1600 333.759 1081.67
1900 1650 342.559 1110.18
1900 1700 351.815 1140.18
1900 1750 361.494 1171.54
1900 1800 371.561 1204.16
1900 1850 381.986 1237.94
1900 1900 392.741 1272.79
1900 250 361.494 1171.54
1900 300 351.815 1140.18
1900 350 342.559 1110.18
1900 400 333.759 1081.67
1900 450 325.454 1054.75
1900 500 317.681 1029.56
200 50 383.231 1241.97
200 100 371.561 1204.16
200 550 283.217 917.878
200 600 275.981 894.427
200 650 269.434 873.212
200 700 263.629 854.4
200 750 258.616 838.153
200 800 254.44 824.621
200 850 251.144 813.941
200 900 248.763 806.226
200 950 247.324 801.561
200 1000 246.842 800
200 150 360.174 1167.26
200 1050 247.324 801.561
200 1100 248.763 806.226
200 1150 251.144 813.941
200 1200 254.44 824.621
200 1250 258.616 838.153
200 1300 263.629 854.4
200 1350 269.434 873.212
200 1400 275.981 894.427
200 1450 283.217 917.878
200 1500 291.092 943.398
200 200 349.098 1131.37
200 1550 299.556 970.824
200 1600 308.559 1000
200 1650 318.056 1030.78
200 1700 328.005 1063.01
200 1750 338.364 1096.59
200 1800 349.098 1131.37
200 1850 360.174 1167.26
200 1900 371.561 1204.16
200 250 338.364 1096.59
200 300 328.005 1063.01
200 350 318.056 1030.78
200 400 308.559 1000
200 450 299.556 970.824
200 500 291.092 943.398
250 50 373.478 1210.37
250 100 361.494 1171.54
250 550 269.876 874.643
250 600 262.272 850
250 650 255.375 827.647
250 700 249.242 807.775
250 750 243.933 790.569
250 800 239.502 776.209
250 850 235.997 764.853
250 900 233.462 756.637
250 950 231.928 751.665
250 1000 231.414 750
250 150 349.779 1133.58
250 1050 231.928 751.665
250 1100 233.462 756.637
250 1150 235.997 764.853
250 1200 239.502 776.209
250 1250 243.933 790.569
250 1300 249.242 807.775
250 1350 255.375 827.647
250 1400 262.272 850
250 1450 269.876 874.643
250 1500 278.129 901.388
250 200 338.364 1096.59
250 1550 286.975 930.054
250 1600 296.361 960.469
250 1650 306.236 992.472
250 1700 316.556 1025.91
250 1750 327.278 1060.66
250 1800 338.364 1096.59
250 1850 349.779 1133.58
250 1900 361.494 1171.54
250 250 327.278 1060.66
250 300 316.556 1025.91
250 350 306.236 992.472
250 400 296.361 960.469
250 450 286.975 930.054
250 500 278.129 901.388
300 50 364.118 1180.04
300 100 351.815 1140.18
300 550 256.769 832.166
300 600 248.765 806.226
300 650 241.482 782.624
300 700 234.988 761.577
300 750 229.349 743.303
300 800 224.63 728.011
300 850 220.89 715.891
300 900 218.179 707.107
300 950 216.537 701.783
300 1000 215.986 700
300 150 339.768 1101.14
300 1050 216.537 701.783
300 1100 218.179 707.107
300 1150 220.89 715.891
300 1200 224.63 728.011
300 1250 229.349 743.303
300 1300 234.988 761.577
300 1350 241.482 782.624
300 1400 248.765 806.226
300 1450 256.769 832.166
300 1500 265.43 860.233
300 200 328.005 1063.01
300 1550 274.685 890.225
300 1600 284.476 921.954
300 1650 294.75 955.249
300 1700 305.458 989.949
300 1750 316.556 1025.91
300 1800 328.005 1063.01
300 1850 339.768 1101.14
300 1900 351.815 1140.18
300 250 316.556 1025.91
300 300 305.458 989.949
300 350 294.75 955.249
300 400 284.476 921.954
300 450 274.685 890.225
300 500 265.43 860.233
350 50 355.182 1151.09
350 100 342.559 1110.18
350 550 243.934 790.569
350 600 235.494 763.217
350 650 227.788 738.241
350 700 220.891 715.891
350 750 214.882 696.419
350 800 209.838 680.074
350 850 205.83 667.083
350 900 202.918 657.647
350 950 201.151 651.92
350 1000 200.559 650
350 150 330.174 1070.05
350 1050 201.151 651.92
350 1100 202.918 657.647
350 1150 205.83 667.083
350 1200 209.838 680.074
350 1250 214.882 696.419
350 1300 220.891 715.891
350 1350 227.788 738.241
350 1400 235.494 763.217
350 1450 243.934 790.569
350 1500 253.034 820.061
350 200 318.056 1030.78
350 1550 262.726 851.469
350 1600 272.946 884.59
350 1650 283.638 919.239
350 1700 294.75 955.249
350 1750 306.236 992.472
350 1800 318.056 1030.78
350 1850 330.174 1070.05
350 1900 342.559 1110.18
350 250 306.236 992.472
350 300 294.75 955.249
350 350 283.638 919.239
350 400 272.946 884.59
350 450 262.726 851.469
350 500 253.034 820.061
400 50 346.703 1123.61
400 100 333.759 1081.67
400 550 231.416 750
400 600 222.502 721.11
400 650 214.328 694.622
400 700 206.984 670.82
400 750 200.56 650
400 800 195.147 632.456
400 850 190.832 618.466
400 900 187.686 608.276
400 950 185.773 602.08
400 1000 185.131 600
400 150 321.036 1040.43
400 1050 185.773 602.08
400 1100 187.686 608.276
400 1150 190.832 618.466
400 1200 195.147 632.456
400 1250 200.56 650
400 1300 206.984 670.82
400 1350 214.328 694.622
400 1400 222.502 721.11
400 1450 231.416 750
400 1500 240.989 781.025
400 200 308.559 1000
400 1550 251.146 813.941
400 1600 261.819 848.528
400 1650 272.946 884.59
400 1700 284.476 921.954
400 1750 296.361 960.469
400 1800 308.559 1000
400 1850 321.036 1040.43
400 1900 333.759 1081.67
400 250 296.361 960.469
400 300 284.476 921.954
400 350 272.946 884.59
400 400 261.819 848.528
400 450 251.146 813.941
400 500 240.989 781.025
450 50 338.715 1097.72
450 100 325.454 1054.75
450 550 219.269 710.634
450 600 209.839 680.074
450 650 201.153 651.92
450 700 193.311 626.498
450 750 186.414 604.152
450 800 180.575 585.235
450 850 175.901 570.088
450 900 172.486 559.017
450 950 170.404 552.268
450 1000 169.705 550
450 150 312.392 1012.42
450 1050 170.404 552.268
450 1100 172.486 559.017
450 1150 175.901 570.088
450 1200 180.575 585.235
450 1250 186.414 604.152
450 1300 193.311 626.498
450 1350 201.153 651.92
450 1400 209.839 680.074
450 1450 219.269 710.634
450 1500 229.35 743.303
450 200 299.556 970.824
450 1550 240 777.817
450 1600 251.146 813.941
450 1650 262.726 851.469
450 1700 274.685 890.225
450 1750 286.975 930.054
450 1800 299.556 970.824
450 1850 312.392 1012.42
450 1900 325.454 1054.75
450 250 286.975 930.054
450 300 274.685 890.225
450 350 262.726 851.469
450 400 251.146 813.941
450 450 240 777.817
450 500 229.35 743.303
500 50 331.253 1073.55
500 100 317.681 1029.56
500 550 207.558 672.681
500 600 197.572 640.312
500 650 188.322 610.328
500 700 179.915 583.095
500 750 172.487 559.017
500 800 166.164 538.516
500 850 161.074 522.015
500 900 157.334 509.902
500 950 155.047 502.494
500 1000 154.277 500
500 150 304.286 986.154
500 1050 155.047 502.494
500 1100 157.334 509.902
500 1150 161.074 522.015
500 1200 166.164 538.516
500 1250 172.487 559.017
500 1300 179.915 583.095
500 1350 188.322 610.328
500 1400 197.572 640.312
500 1450 207.558 672.681
500 1500 218.181 707.107
500 200 291.092 943.398
500 1550 229.35 743.303
500 1600 240.989 781.025
500 1650 253.034 820.061
500 1700 265.43 860.233
500 1750 278.129 901.388
500 1800 291.092 943.398
500 1850 304.286 986.154
500 1900 317.681 1029.56
500 250 278.129 901.388
500 300 265.43 860.233
500 350 253.034 820.061
500 400 240.989 781.025
500 450 229.35 743.303
500 500 218.181 707.107
