50 50 1.09209e-18 1343.5
50 100 1.02393e-18 1308.63
50 550 1.16911e-18 1051.19
50 600 1.186e-18 1030.78
50 650 1.20229e-18 1012.42
50 700 1.2171e-18 996.243
50 750 1.22963e-18 982.344
50 800 1.23968e-18 970.824
50 850 1.24723e-18 961.769
50 900 1.25235e-18 955.249
50 950 1.2553e-18 951.315
50 1000 1.25626e-18 950
50 150 1.05556e-18 1274.75
50 1050 1.2553e-18 951.315
50 1100 1.25235e-18 955.249
50 1150 1.24723e-18 961.769
50 1200 1.23968e-18 970.824
50 1250 1.22963e-18 982.344
50 1300 1.2171e-18 996.243
50 1350 1.20229e-18 1012.42
50 1400 1.186e-18 1030.78
50 1450 1.16911e-18 1051.19
50 1500 1.15242e-18 1073.55
50 200 1.07338e-18 1241.97
50 1550 1.13743e-18 1097.72
50 1600 1.12279e-18 1123.61
50 1650 1.11029e-18 1151.09
50 1700 1.09811e-18 1180.04
50 1750 1.08472e-18 1210.37
50 1800 1.07338e-18 1241.97
50 1850 1.05556e-18 1274.75
50 1900 1.02393e-18 1308.63
50 250 1.08472e-18 1210.37
50 300 1.09811e-18 1180.04
50 350 1.11029e-18 1151.09
50 400 1.12279e-18 1123.61
50 450 1.13743e-18 1097.72
50 500 1.15242e-18 1073.55
550 50 1.16911e-18 1051.19
550 100 1.20899e-18 1006.23
550 550 1.46991e-18 636.396
550 600 1.49358e-18 602.08
550 650 1.55235e-18 570.088
550 700 1.64225e-18 540.833
550 750 1.73582e-18 514.782
550 800 1.80655e-18 492.443
550 850 1.84585e-18 474.342
550 900 1.86152e-18 460.977
550 950 1.86561e-18 452.769
550 1000 1.86622e-18 450
550 150 1.24866e-18 961.769
550 1050 1.86561e-18 452.769
550 1100 1.86152e-18 460.977
550 1150 1.84585e-18 474.342
550 1200 1.80655e-18 492.443
550 1250 1.73582e-18 514.782
550 1300 1.64225e-18 540.833
550 1350 1.55235e-18 570.088
550 1400 1.49358e-18 602.08
550 1450 1.46991e-18 636.396
550 1500 1.45958e-18 672.681
550 200 1.27656e-18 917.878
550 1550 1.43563e-18 710.634
550 1600 1.39275e-18 750
550 1650 1.34693e-18 790.569
550 1700 1.31271e-18 832.166
550 1750 1.29275e-18 874.643
550 1800 1.27656e-18 917.878
550 1850 1.24866e-18 961.769
550 1900 1.20899e-18 1006.23
550 250 1.29275e-18 874.643
550 300 1.31271e-18 832.166
550 350 1.34693e-18 790.569
550 400 1.39275e-18 750
550 450 1.43563e-18 710.634
550 500 1.45958e-18 672.681
600 50 1.186e-18 1030.78
600 100 1.22844e-18 984.886
600 550 1.49358e-18 602.08
600 600 1.56387e-18 565.685
600 650 1.67551e-18 531.507
600 700 1.78459e-18 500
600 750 1.84986e-18 471.699
600 800 1.86617e-18 447.214
600 850 1.85774e-18 427.2
600 900 1.84816e-18 412.311
600 950 1.84491e-18 403.113
600 1000 1.84483e-18 400
600 150 1.26489e-18 939.415
600 1050 1.84491e-18 403.113
600 1100 1.84816e-18 412.311
600 1150 1.85774e-18 427.2
600 1200 1.86617e-18 447.214
600 1250 1.84986e-18 471.699
600 1300 1.78459e-18 500
600 1350 1.67551e-18 531.507
600 1400 1.56387e-18 565.685
600 1450 1.49358e-18 602.08
600 1500 1.46881e-18 640.312
600 200 1.28665e-18 894.427
600 1550 1.45639e-18 680.074
600 1600 1.42546e-18 721.11
600 1650 1.37725e-18 763.217
600 1700 1.33171e-18 806.226
600 1750 1.30268e-18 850
600 1800 1.28665e-18 894.427
600 1850 1.26489e-18 939.415
600 1900 1.22844e-18 984.886
600 250 1.30268e-18 850
600 300 1.33171e-18 806.226
600 350 1.37725e-18 763.217
600 400 1.42546e-18 721.11
600 450 1.45639e-18 680.074
600 500 1.46881e-18 640.312
650 50 1.20229e-18 1012.42
650 100 1.24514e-18 965.66
650 550 1.55235e-18 570.088
650 600 1.67551e-18 531.507
650 650 1.79964e-18 494.975
650 700 1.86145e-18 460.977
650 750 1.85971e-18 430.116
650 800 1.84494e-18 403.113
650 850 1.86164e-18 380.789
650 900 1.91011e-18 364.005
650 950 1.95941e-18 353.553
650 1000 1.97956e-18 350
650 150 1.27601e-18 919.239
650 1050 1.95941e-18 353.553
650 1100 1.91011e-18 364.005
650 1150 1.86164e-18 380.789
650 1200 1.84494e-18 403.113
650 1250 1.85971e-18 430.116
650 1300 1.86145e-18 460.977
650 1350 1.79964e-18 494.975
650 1400 1.67551e-18 531.507
650 1450 1.55235e-18 570.088
650 1500 1.48501e-18 610.328
650 200 1.29429e-18 873.212
650 1550 1.46554e-18 651.92
650 1600 1.44822e-18 694.622
650 1650 1.40668e-18 738.241
650 1700 1.35469e-18 782.624
650 1750 1.31551e-18 827.647
650 1800 1.29429e-18 873.212
650 1850 1.27601e-18 919.239
650 1900 1.24514e-18 965.66
650 250 1.31551e-18 827.647
650 300 1.35469e-18 782.624
650 350 1.40668e-18 738.241
650 400 1.44822e-18 694.622
650 450 1.46554e-18 651.92
650 500 1.48501e-18 610.328
700 50 1.2171e-18 996.243
700 100 1.25824e-18 948.683
700 550 1.64225e-18 540.833
700 600 1.78459e-18 500
700 650 1.86145e-18 460.977
700 700 1.85585e-18 424.264
700 750 1.8485e-18 390.512
700 800 1.92454e-18 360.555
700 850 2.07992e-18 335.41
700 900 2.24473e-18 316.228
700 950 2.35739e-18 304.138
700 1000 2.39605e-18 300
700 150 1.28358e-18 901.388
700 1050 2.35739e-18 304.138
700 1100 2.24473e-18 316.228
700 1150 2.07992e-18 335.41
700 1200 1.92454e-18 360.555
700 1250 1.8485e-18 390.512
700 1300 1.85585e-18 424.264
700 1350 1.86145e-18 460.977
700 1400 1.78459e-18 500
700 1450 1.64225e-18 540.833
700 1500 1.52302e-18 583.095
700 200 1.30159e-18 854.4
700 1550 1.474e-18 626.498
700 1600 1.4603e-18 670.82
700 1650 1.4304e-18 715.891
700 1700 1.37891e-18 761.577
700 1750 1.33083e-18 807.775
700 1800 1.30159e-18 854.4
700 1850 1.28358e-18 901.388
700 1900 1.25824e-18 948.683
700 250 1.33083e-18 807.775
700 300 1.37891e-18 761.577
700 350 1.4304e-18 715.891
700 400 1.4603e-18 670.82
700 450 1.474e-18 626.498
700 500 1.52302e-18 583.095
750 50 1.22963e-18 982.344
750 100 1.26791e-18 934.077
750 550 1.73582e-18 514.782
750 600 1.84986e-18 471.699
750 650 1.85971e-18 430.116
750 700 1.8485e-18 390.512
750 750 1.95942e-18 353.553
750 800 2.20896e-18 320.156
750 850 2.47246e-18 291.548
750 900 2.63764e-18 269.258
750 950 2.70084e-18 254.951
750 1000 2.71277e-18 250
750 150 1.28918e-18 886.002
750 1050 2.70084e-18 254.951
750 1100 2.63764e-18 269.258
750 1150 2.47246e-18 291.548
750 1200 2.20896e-18 320.156
750 1250 1.95942e-18 353.553
750 1300 1.8485e-18 390.512
750 1350 1.85971e-18 430.116
750 1400 1.84986e-18 471.699
750 1450 1.73582e-18 514.782
750 1500 1.5828e-18 559.017
750 200 1.30939e-18 838.153
750 1550 1.49124e-18 604.152
750 1600 1.46615e-18 650
750 1650 1.4468e-18 696.419
750 1700 1.40081e-18 743.303
750 1750 1.34725e-18 790.569
750 1800 1.30939e-18 838.153
750 1850 1.28918e-18 886.002
750 1900 1.26791e-18 934.077
750 250 1.34725e-18 790.569
750 300 1.40081e-18 743.303
750 350 1.4468e-18 696.419
750 400 1.46615e-18 650
750 450 1.49124e-18 604.152
750 500 1.5828e-18 559.017
800 50 1.23968e-18 970.824
800 100 1.27478e-18 921.954
800 550 1.80655e-18 492.443
800 600 1.86617e-18 447.214
800 650 1.84494e-18 403.113
800 700 1.92454e-18 360.555
800 750 2.20896e-18 320.156
800 800 2.54482e-18 282.843
800 850 2.71277e-18 250
800 900 2.6839e-18 223.607
800 950 2.59158e-18 206.155
800 1000 2.55096e-18 200
800 150 1.29368e-18 873.212
800 1050 2.59158e-18 206.155
800 1100 2.6839e-18 223.607
800 1150 2.71277e-18 250
800 1200 2.54482e-18 282.843
800 1250 2.20896e-18 320.156
800 1300 1.92454e-18 360.555
800 1350 1.84494e-18 403.113
800 1400 1.86617e-18 447.214
800 1450 1.80655e-18 492.443
800 1500 1.65042e-18 538.516
800 200 1.31777e-18 824.621
800 1550 1.51926e-18 585.235
800 1600 1.47136e-18 632.456
800 1650 1.45636e-18 680.074
800 1700 1.41845e-18 728.011
800 1750 1.3626e-18 776.209
800 1800 1.31777e-18 824.621
800 1850 1.29368e-18 873.212
800 1900 1.27478e-18 921.954
800 250 1.3626e-18 776.209
800 300 1.41845e-18 728.011
800 350 1.45636e-18 680.074
800 400 1.47136e-18 632.456
800 450 1.51926e-18 585.235
800 500 1.65042e-18 538.516
850 50 1.24723e-18 961.769
850 100 1.27936e-18 912.414
850 550 1.84585e-18 474.342
850 600 1.85774e-18 427.2
850 650 1.86164e-18 380.789
850 700 2.07992e-18 335.41
850 750 2.47246e-18 291.548
850 800 2.71277e-18 250
850 850 2.6282e-18 212.132
850 900 2.42472e-18 180.278
850 950 2.36929e-18 158.114
850 1000 2.39183e-18 150
850 150 1.29761e-18 863.134
850 1050 2.36929e-18 158.114
850 1100 2.42472e-18 180.278
850 1150 2.6282e-18 212.132
850 1200 2.71277e-18 250
850 1250 2.47246e-18 291.548
850 1300 2.07992e-18 335.41
850 1350 1.86164e-18 380.789
850 1400 1.85774e-18 427.2
850 1450 1.84585e-18 474.342
850 1500 1.71007e-18 522.015
850 200 1.32553e-18 813.941
850 1550 1.55232e-18 570.088
850 1600 1.47852e-18 618.466
850 1650 1.46152e-18 667.083
850 1700 1.43094e-18 715.891
850 1750 1.3756e-18 764.853
850 1800 1.32553e-18 813.941
850 1850 1.29761e-18 863.134
850 1900 1.27936e-18 912.414
850 250 1.3756e-18 764.853
850 300 1.43094e-18 715.891
850 350 1.46152e-18 667.083
850 400 1.47852e-18 618.466
850 450 1.55232e-18 570.088
850 500 1.71007e-18 522.015
900 50 1.25235e-18 955.249
900 100 1.28234e-18 905.539
900 550 1.86152e-18 460.977
900 600 1.84816e-18 412.311
900 650 1.91011e-18 364.005
900 700 2.24473e-18 316.228
900 750 2.63764e-18 269.258
900 800 2.6839e-18 223.607
900 850 2.42472e-18 180.278
900 900 2.44679e-18 141.421
900 950 2.8841e-18 111.803
900 1000 3.15776e-18 100
900 150 1.30078e-18 855.862
900 1050 2.8841e-18 111.803
900 1100 2.44679e-18 141.421
900 1150 2.42472e-18 180.278
900 1200 2.6839e-18 223.607
900 1250 2.63764e-18 269.258
900 1300 2.24473e-18 316.228
900 1350 1.91011e-18 364.005
900 1400 1.84816e-18 412.311
900 1450 1.86152e-18 460.977
900 1500 1.75286e-18 509.902
900 200 1.33194e-18 806.226
900 1550 1.58275e-18 559.017
900 1600 1.48685e-18 608.276
900 1650 1.46433e-18 657.647
900 1700 1.43888e-18 707.107
900 1750 1.3853e-18 756.637
900 1800 1.33194e-18 806.226
900 1850 1.30078e-18 855.862
900 1900 1.28234e-18 905.539
900 250 1.3853e-18 756.637
900 300 1.43888e-18 707.107
900 350 1.46433e-18 657.647
900 400 1.48685e-18 608.276
900 450 1.58275e-18 559.017
900 500 1.75286e-18 509.902
950 50 1.2553e-18 951.315
950 100 1.28409e-18 901.388
950 550 1.86561e-18 452.769
950 600 1.84491e-18 403.113
950 650 1.95941e-18 353.553
950 700 2.35739e-18 304.138
950 750 2.70084e-18 254.951
950 800 2.59158e-18 206.155
950 850 2.36929e-18 158.114
950 900 2.8841e-18 111.803
950 950 4.11627e-18 70.7107
950 1000 5.25608e-18 50
950 150 1.30278e-18 851.469
950 1050 4.11627e-18 70.7107
950 1100 2.8841e-18 111.803
950 1150 2.36929e-18 158.114
950 1200 2.59158e-18 206.155
950 1250 2.70084e-18 254.951
950 1300 2.35739e-18 304.138
950 1350 1.95941e-18 353.553
950 1400 1.84491e-18 403.113
950 1450 1.86561e-18 452.769
950 1500 1.77688e-18 502.494
950 200 1.33615e-18 801.561
950 1550 1.60364e-18 552.268
950 1600 1.49353e-18 602.08
950 1650 1.4658e-18 651.92
950 1700 1.44328e-18 701.783
950 1750 1.39114e-18 751.665
950 1800 1.33615e-18 801.561
950 1850 1.30278e-18 851.469
950 1900 1.28409e-18 901.388
950 250 1.39114e-18 751.665
950 300 1.44328e-18 701.783
950 350 1.4658e-18 651.92
950 400 1.49353e-18 602.08
950 450 1.60364e-18 552.268
950 500 1.77688e-18 502.494
1000 50 1.25626e-18 950
1000 100 1.28466e-18 900
1000 550 1.86622e-18 450
1000 600 1.84483e-18 400
1000 650 1.97956e-18 350
1000 700 2.39605e-18 300
1000 750 2.71277e-18 250
1000 800 2.55096e-18 200
1000 850 2.39183e-18 150
1000 900 3.15776e-18 100
1000 950 5.25608e-18 50
1000 150 1.30344e-18 850
1000 1050 5.25608e-18 50
1000 1100 3.15776e-18 100
1000 1150 2.39183e-18 150
1000 1200 2.55096e-18 200
1000 1250 2.71277e-18 250
1000 1300 2.39605e-18 300
1000 1350 1.97956e-18 350
1000 1400 1.84483e-18 400
1000 1450 1.86622e-18 450
1000 1500 1.7846e-18 500
1000 200 1.33767e-18 800
1000 1550 1.61095e-18 550
1000 1600 1.49598e-18 600
1000 1650 1.46627e-18 650
1000 1700 1.44468e-18 700
1000 1750 1.39305e-18 750
1000 1800 1.33767e-18 800
1000 1850 1.30344e-18 850
1000 1900 1.28466e-18 900
1000 250 1.39305e-18 750
1000 300 1.44468e-18 700
1000 350 1.46627e-18 650
1000 400 1.49598e-18 600
1000 450 1.61095e-18 550
1000 500 1.7846e-18 500
100 50 1.02393e-18 1308.63
100 100 1.05493e-18 1272.79
100 550 1.20899e-18 1006.23
100 600 1.22844e-18 984.886
100 650 1.24514e-18 965.66
100 700 1.25824e-18 948.683
100 750 1.26791e-18 934.077
100 800 1.27478e-18 921.954
100 850 1.27936e-18 912.414
100 900 1.28234e-18 905.539
100 950 1.28409e-18 901.388
100 1000 1.28466e-18 900
100 150 1.07478e-18 1237.94
100 1050 1.28409e-18 901.388
100 1100 1.28234e-18 905.539
100 1150 1.27936e-18 912.414
100 1200 1.27478e-18 921.954
100 1250 1.26791e-18 934.077
100 1300 1.25824e-18 948.683
100 1350 1.24514e-18 965.66
100 1400 1.22844e-18 984.886
100 1450 1.20899e-18 1006.23
100 1500 1.18804e-18 1029.56
100 200 1.08862e-18 1204.16
100 1550 1.167e-18 1054.75
100 1600 1.14751e-18 1081.67
100 1650 1.13034e-18 1110.18
100 1700 1.11458e-18 1140.18
100 1750 1.09909e-18 1171.54
100 1800 1.08862e-18 1204.16
100 1850 1.07478e-18 1237.94
100 1900 1.05493e-18 1272.79
100 250 1.09909e-18 1171.54
100 300 1.11458e-18 1140.18
100 350 1.13034e-18 1110.18
100 400 1.14751e-18 1081.67
100 450 1.167e-18 1054.75
100 500 1.18804e-18 1029.56
1050 50 1.2553e-18 951.315
1050 100 1.28409e-18 901.388
1050 550 1.86561e-18 452.769
1050 600 1.84491e-18 403.113
1050 650 1.95941e-18 353.553
1050 700 2.35739e-18 304.138
1050 750 2.70084e-18 254.951
1050 800 2.59158e-18 206.155
1050 850 2.36929e-18 158.114
1050 900 2.8841e-18 111.803
1050 950 4.11627e-18 70.7107
1050 1000 5.25608e-18 50
1050 150 1.30278e-18 851.469
1050 1050 4.11627e-18 70.7107
1050 1100 2.8841e-18 111.803
1050 1150 2.36929e-18 158.114
1050 1200 2.59158e-18 206.155
1050 1250 2.70084e-18 254.951
1050 1300 2.35739e-18 304.138
1050 1350 1.95941e-18 353.553
1050 1400 1.84491e-18 403.113
1050 1450 1.86561e-18 452.769
1050 1500 1.77688e-18 502.494
1050 200 1.33615e-18 801.561
1050 1550 1.60364e-18 552.268
1050 1600 1.49353e-18 602.08
1050 1650 1.4658e-18 651.92
1050 1700 1.44328e-18 701.783
1050 1750 1.39114e-18 751.665
1050 1800 1.33615e-18 801.561
1050 1850 1.30278e-18 851.469
1050 1900 1.28409e-18 901.388
1050 250 1.39114e-18 751.665
1050 300 1.44328e-18 701.783
1050 350 1.4658e-18 651.92
1050 400 1.49353e-18 602.08
1050 450 1.60364e-18 552.268
1050 500 1.77688e-18 502.494
1100 50 1.25235e-18 955.249
1100 100 1.28234e-18 905.539
1100 550 1.86152e-18 460.977
1100 600 1.84816e-18 412.311
1100 650 1.91011e-18 364.005
1100 700 2.24473e-18 316.228
1100 750 2.63764e-18 269.258
1100 800 2.6839e-18 223.607
1100 850 2.42472e-18 180.278
1100 900 2.44679e-18 141.421
1100 950 2.8841e-18 111.803
1100 1000 3.15776e-18 100
1100 150 1.30078e-18 855.862
1100 1050 2.8841e-18 111.803
1100 1100 2.44679e-18 141.421
1100 1150 2.42472e-18 180.278
1100 1200 2.6839e-18 223.607
1100 1250 2.63764e-18 269.258
1100 1300 2.24473e-18 316.228
1100 1350 1.91011e-18 364.005
1100 1400 1.84816e-18 412.311
1100 1450 1.86152e-18 460.977
1100 1500 1.75286e-18 509.902
1100 200 1.33194e-18 806.226
1100 1550 1.58275e-18 559.017
1100 1600 1.48685e-18 608.276
1100 1650 1.46433e-18 657.647
1100 1700 1.43888e-18 707.107
1100 1750 1.3853e-18 756.637
1100 1800 1.33194e-18 806.226
1100 1850 1.30078e-18 855.862
1100 1900 1.28234e-18 905.539
1100 250 1.3853e-18 756.637
1100 300 1.43888e-18 707.107
1100 350 1.46433e-18 657.647
1100 400 1.48685e-18 608.276
1100 450 1.58275e-18 559.017
1100 500 1.75286e-18 509.902
1150 50 1.24723e-18 961.769
1150 100 1.27936e-18 912.414
1150 550 1.84585e-18 474.342
1150 600 1.85774e-18 427.2
1150 650 1.86164e-18 380.789
1150 700 2.07992e-18 335.41
1150 750 2.47246e-18 291.548
1150 800 2.71277e-18 250
1150 850 2.6282e-18 212.132
1150 900 2.42472e-18 180.278
1150 950 2.36929e-18 158.114
1150 1000 2.39183e-18 150
1150 150 1.29761e-18 863.134
1150 1050 2.36929e-18 158.114
1150 1100 2.42472e-18 180.278
1150 1150 2.6282e-18 212.132
1150 1200 2.71277e-18 250
1150 1250 2.47246e-18 291.548
1150 1300 2.07992e-18 335.41
1150 1350 1.86164e-18 380.789
1150 1400 1.85774e-18 427.2
1150 1450 1.84585e-18 474.342
1150 1500 1.71007e-18 522.015
1150 200 1.32553e-18 813.941
1150 1550 1.55232e-18 570.088
1150 1600 1.47852e-18 618.466
1150 1650 1.46152e-18 667.083
1150 1700 1.43094e-18 715.891
1150 1750 1.3756e-18 764.853
1150 1800 1.32553e-18 813.941
1150 1850 1.29761e-18 863.134
1150 1900 1.27936e-18 912.414
1150 250 1.3756e-18 764.853
1150 300 1.43094e-18 715.891
1150 350 1.46152e-18 667.083
1150 400 1.47852e-18 618.466
1150 450 1.55232e-18 570.088
1150 500 1.71007e-18 522.015
1200 50 1.23968e-18 970.824
1200 100 1.27478e-18 921.954
1200 550 1.80655e-18 492.443
1200 600 1.86617e-18 447.214
1200 650 1.84494e-18 403.113
1200 700 1.92454e-18 360.555
1200 750 2.20896e-18 320.156
1200 800 2.54482e-18 282.843
1200 850 2.71277e-18 250
1200 900 2.6839e-18 223.607
1200 950 2.59158e-18 206.155
1200 1000 2.55096e-18 200
1200 150 1.29368e-18 873.212
1200 1050 2.59158e-18 206.155
1200 1100 2.6839e-18 223.607
1200 1150 2.71277e-18 250
1200 1200 2.54482e-18 282.843
1200 1250 2.20896e-18 320.156
1200 1300 1.92454e-18 360.555
1200 1350 1.84494e-18 403.113
1200 1400 1.86617e-18 447.214
1200 1450 1.80655e-18 492.443
1200 1500 1.65042e-18 538.516
1200 200 1.31777e-18 824.621
1200 1550 1.51926e-18 585.235
1200 1600 1.47136e-18 632.456
1200 1650 1.45636e-18 680.074
1200 1700 1.41845e-18 728.011
1200 1750 1.3626e-18 776.209
1200 1800 1.31777e-18 824.621
1200 1850 1.29368e-18 873.212
1200 1900 1.27478e-18 921.954
1200 250 1.3626e-18 776.209
1200 300 1.41845e-18 728.011
1200 350 1.45636e-18 680.074
1200 400 1.47136e-18 632.456
1200 450 1.51926e-18 585.235
1200 500 1.65042e-18 538.516
1250 50 1.22963e-18 982.344
1250 100 1.26791e-18 934.077
1250 550 1.73582e-18 514.782
1250 600 1.84986e-18 471.699
1250 650 1.85971e-18 430.116
1250 700 1.8485e-18 390.512
1250 750 1.95942e-18 353.553
1250 800 2.20896e-18 320.156
1250 850 2.47246e-18 291.548
1250 900 2.63764e-18 269.258
1250 950 2.70084e-18 254.951
1250 1000 2.71277e-18 250
1250 150 1.28918e-18 886.002
1250 1050 2.70084e-18 254.951
1250 1100 2.63764e-18 269.258
1250 1150 2.47246e-18 291.548
1250 1200 2.20896e-18 320.156
1250 1250 1.95942e-18 353.553
1250 1300 1.8485e-18 390.512
1250 1350 1.85971e-18 430.116
1250 1400 1.84986e-18 471.699
1250 1450 1.73582e-18 514.782
1250 1500 1.5828e-18 559.017
1250 200 1.30939e-18 838.153
1250 1550 1.49124e-18 604.152
1250 1600 1.46615e-18 650
1250 1650 1.4468e-18 696.419
1250 1700 1.40081e-18 743.303
1250 1750 1.34725e-18 790.569
1250 1800 1.30939e-18 838.153
1250 1850 1.28918e-18 886.002
1250 1900 1.26791e-18 934.077
1250 250 1.34725e-18 790.569
1250 300 1.40081e-18 743.303
1250 350 1.4468e-18 696.419
1250 400 1.46615e-18 650
1250 450 1.49124e-18 604.152
1250 500 1.5828e-18 559.017
1300 50 1.2171e-18 996.243
1300 100 1.25824e-18 948.683
1300 550 1.64225e-18 540.833
1300 600 1.78459e-18 500
1300 650 1.86145e-18 460.977
1300 700 1.85585e-18 424.264
1300 750 1.8485e-18 390.512
1300 800 1.92454e-18 360.555
1300 850 2.07992e-18 335.41
1300 900 2.24473e-18 316.228
1300 950 2.35739e-18 304.138
1300 1000 2.39605e-18 300
1300 150 1.28358e-18 901.388
1300 1050 2.35739e-18 304.138
1300 1100 2.24473e-18 316.228
1300 1150 2.07992e-18 335.41
1300 1200 1.92454e-18 360.555
1300 1250 1.8485e-18 390.512
1300 1300 1.85585e-18 424.264
1300 1350 1.86145e-18 460.977
1300 1400 1.78459e-18 500
1300 1450 1.64225e-18 540.833
1300 1500 1.52302e-18 583.095
1300 200 1.30159e-18 854.4
1300 1550 1.474e-18 626.498
1300 1600 1.4603e-18 670.82
1300 1650 1.4304e-18 715.891
1300 1700 1.37891e-18 761.577
1300 1750 1.33083e-18 807.775
1300 1800 1.30159e-18 854.4
1300 1850 1.28358e-18 901.388
1300 1900 1.25824e-18 948.683
1300 250 1.33083e-18 807.775
1300 300 1.37891e-18 761.577
1300 350 1.4304e-18 715.891
1300 400 1.4603e-18 670.82
1300 450 1.474e-18 626.498
1300 500 1.52302e-18 583.095
1350 50 1.20229e-18 1012.42
1350 100 1.24514e-18 965.66
1350 550 1.55235e-18 570.088
1350 600 1.67551e-18 531.507
1350 650 1.79964e-18 494.975
1350 700 1.86145e-18 460.977
1350 750 1.85971e-18 430.116
1350 800 1.84494e-18 403.113
1350 850 1.86164e-18 380.789
1350 900 1.91011e-18 364.005
1350 950 1.95941e-18 353.553
1350 1000 1.97956e-18 350
1350 150 1.27601e-18 919.239
1350 1050 1.95941e-18 353.553
1350 1100 1.91011e-18 364.005
1350 1150 1.86164e-18 380.789
1350 1200 1.84494e-18 403.113
1350 1250 1.85971e-18 430.116
1350 1300 1.86145e-18 460.977
1350 1350 1.79964e-18 494.975
1350 1400 1.67551e-18 531.507
1350 1450 1.55235e-18 570.088
1350 1500 1.48501e-18 610.328
1350 200 1.29429e-18 873.212
1350 1550 1.46554e-18 651.92
1350 1600 1.44822e-18 694.622
1350 1650 1.40668e-18 738.241
1350 1700 1.35469e-18 782.624
1350 1750 1.31551e-18 827.647
1350 1800 1.29429e-18 873.212
1350 1850 1.27601e-18 919.239
1350 1900 1.24514e-18 965.66
1350 250 1.31551e-18 827.647
1350 300 1.35469e-18 782.624
1350 350 1.40668e-18 738.241
1350 400 1.44822e-18 694.622
1350 450 1.46554e-18 651.92
1350 500 1.48501e-18 610.328
1400 50 1.186e-18 1030.78
1400 100 1.22844e-18 984.886
1400 550 1.49358e-18 602.08
1400 600 1.56387e-18 565.685
1400 650 1.67551e-18 531.507
1400 700 1.78459e-18 500
1400 750 1.84986e-18 471.699
1400 800 1.86617e-18 447.214
1400 850 1.85774e-18 427.2
1400 900 1.84816e-18 412.311
1400 950 1.84491e-18 403.113
1400 1000 1.84483e-18 400
1400 150 1.26489e-18 939.415
1400 1050 1.84491e-18 403.113
1400 1100 1.84816e-18 412.311
1400 1150 1.85774e-18 427.2
1400 1200 1.86617e-18 447.214
1400 1250 1.84986e-18 471.699
1400 1300 1.78459e-18 500
1400 1350 1.67551e-18 531.507
1400 1400 1.56387e-18 565.685
1400 1450 1.49358e-18 602.08
1400 1500 1.46881e-18 640.312
1400 200 1.28665e-18 894.427
1400 1550 1.45639e-18 680.074
1400 1600 1.42546e-18 721.11
1400 1650 1.37725e-18 763.217
1400 1700 1.33171e-18 806.226
1400 1750 1.30268e-18 850
1400 1800 1.28665e-18 894.427
1400 1850 1.26489e-18 939.415
1400 1900 1.22844e-18 984.886
1400 250 1.30268e-18 850
1400 300 1.33171e-18 806.226
1400 350 1.37725e-18 763.217
1400 400 1.42546e-18 721.11
1400 450 1.45639e-18 680.074
1400 500 1.46881e-18 640.312
1450 50 1.16911e-18 1051.19
1450 100 1.20899e-18 1006.23
1450 550 1.46991e-18 636.396
1450 600 1.49358e-18 602.08
1450 650 1.55235e-18 570.088
1450 700 1.64225e-18 540.833
1450 750 1.73582e-18 514.782
1450 800 1.80655e-18 492.443
1450 850 1.84585e-18 474.342
1450 900 1.86152e-18 460.977
1450 950 1.86561e-18 452.769
1450 1000 1.86622e-18 450
1450 150 1.24866e-18 961.769
1450 1050 1.86561e-18 452.769
1450 1100 1.86152e-18 460.977
1450 1150 1.84585e-18 474.342
1450 1200 1.80655e-18 492.443
1450 1250 1.73582e-18 514.782
1450 1300 1.64225e-18 540.833
1450 1350 1.55235e-18 570.088
1450 1400 1.49358e-18 602.08
1450 1450 1.46991e-18 636.396
1450 1500 1.45958e-18 672.681
1450 200 1.27656e-18 917.878
1450 1550 1.43563e-18 710.634
1450 1600 1.39275e-18 750
1450 1650 1.34693e-18 790.569
1450 1700 1.31271e-18 832.166
1450 1750 1.29275e-18 874.643
1450 1800 1.27656e-18 917.878
1450 1850 1.24866e-18 961.769
1450 1900 1.20899e-18 1006.23
1450 250 1.29275e-18 874.643
1450 300 1.31271e-18 832.166
1450 350 1.34693e-18 790.569
1450 400 1.39275e-18 750
1450 450 1.43563e-18 710.634
1450 500 1.45958e-18 672.681
1500 50 1.15242e-18 1073.55
1500 100 1.18804e-18 1029.56
1500 550 1.45958e-18 672.681
1500 600 1.46881e-18 640.312
1500 650 1.48501e-18 610.328
1500 700 1.52302e-18 583.095
1500 750 1.5828e-18 559.017
1500 800 1.65042e-18 538.516
1500 850 1.71007e-18 522.015
1500 900 1.75286e-18 509.902
1500 950 1.77688e-18 502.494
1500 1000 1.7846e-18 500
1500 150 1.22755e-18 986.154
1500 1050 1.77688e-18 502.494
1500 1100 1.75286e-18 509.902
1500 1150 1.71007e-18 522.015
1500 1200 1.65042e-18 538.516
1500 1250 1.5828e-18 559.017
1500 1300 1.52302e-18 583.095
1500 1350 1.48501e-18 610.328
1500 1400 1.46881e-18 640.312
1500 1450 1.45958e-18 672.681
1500 1500 1.4384e-18 707.107
1500 200 1.26128e-18 943.398
1500 1550 1.40087e-18 743.303
1500 1600 1.3568e-18 781.025
1500 1650 1.32072e-18 820.061
1500 1700 1.29895e-18 860.233
1500 1750 1.28338e-18 901.388
1500 1800 1.26128e-18 943.398
1500 1850 1.22755e-18 986.154
1500 1900 1.18804e-18 1029.56
1500 250 1.28338e-18 901.388
1500 300 1.29895e-18 860.233
1500 350 1.32072e-18 820.061
1500 400 1.3568e-18 781.025
1500 450 1.40087e-18 743.303
1500 500 1.4384e-18 707.107
150 50 1.05556e-18 1274.75
150 100 1.07478e-18 1237.94
150 550 1.24866e-18 961.769
150 600 1.26489e-18 939.415
150 650 1.27601e-18 919.239
150 700 1.28358e-18 901.388
150 750 1.28918e-18 886.002
150 800 1.29368e-18 873.212
150 850 1.29761e-18 863.134
150 900 1.30078e-18 855.862
150 950 1.30278e-18 851.469
150 1000 1.30344e-18 850
150 150 1.09085e-18 1202.08
150 1050 1.30278e-18 851.469
150 1100 1.30078e-18 855.862
150 1150 1.29761e-18 863.134
150 1200 1.29368e-18 873.212
150 1250 1.28918e-18 886.002
150 1300 1.28358e-18 901.388
150 1350 1.27601e-18 919.239
150 1400 1.26489e-18 939.415
150 1450 1.24866e-18 961.769
150 1500 1.22755e-18 986.154
150 200 1.10627e-18 1167.26
150 1550 1.20272e-18 1012.42
150 1600 1.17808e-18 1040.43
150 1650 1.15489e-18 1070.05
150 1700 1.13481e-18 1101.14
150 1750 1.11834e-18 1133.58
150 1800 1.10627e-18 1167.26
150 1850 1.09085e-18 1202.08
150 1900 1.07478e-18 1237.94
150 250 1.11834e-18 1133.58
150 300 1.13481e-18 1101.14
150 350 1.15489e-18 1070.05
150 400 1.17808e-18 1040.43
150 450 1.20272e-18 1012.42
150 500 1.22755e-18 986.154
1550 50 1.13743e-18 1097.72
1550 100 1.167e-18 1054.75
1550 550 1.43563e-18 710.634
1550 600 1.45639e-18 680.074
1550 650 1.46554e-18 651.92
1550 700 1.474e-18 626.498
1550 750 1.49124e-18 604.152
1550 800 1.51926e-18 585.235
1550 850 1.55232e-18 570.088
1550 900 1.58275e-18 559.017
1550 950 1.60364e-18 552.268
1550 1000 1.61095e-18 550
1550 150 1.20272e-18 1012.42
1550 1050 1.60364e-18 552.268
1550 1100 1.58275e-18 559.017
1550 1150 1.55232e-18 570.088
1550 1200 1.51926e-18 585.235
1550 1250 1.49124e-18 604.152
1550 1300 1.474e-18 626.498
1550 1350 1.46554e-18 651.92
1550 1400 1.45639e-18 680.074
1550 1450 1.43563e-18 710.634
1550 1500 1.40087e-18 743.303
1550 200 1.24016e-18 970.824
1550 1550 1.36023e-18 777.817
1550 1600 1.32562e-18 813.941
1550 1650 1.3024e-18 851.469
1550 1700 1.28802e-18 890.225
1550 1750 1.27036e-18 930.054
1550 1800 1.24016e-18 970.824
1550 1850 1.20272e-18 1012.42
1550 1900 1.167e-18 1054.75
1550 250 1.27036e-18 930.054
1550 300 1.28802e-18 890.225
1550 350 1.3024e-18 851.469
1550 400 1.32562e-18 813.941
1550 450 1.36023e-18 777.817
1550 500 1.40087e-18 743.303
1600 50 1.12279e-18 1123.61
1600 100 1.14751e-18 1081.67
1600 550 1.39275e-18 750
1600 600 1.42546e-18 721.11
1600 650 1.44822e-18 694.622
1600 700 1.4603e-18 670.82
1600 750 1.46615e-18 650
1600 800 1.47136e-18 632.456
1600 850 1.47852e-18 618.466
1600 900 1.48685e-18 608.276
1600 950 1.49353e-18 602.08
1600 1000 1.49598e-18 600
1600 150 1.17808e-18 1040.43
1600 1050 1.49353e-18 602.08
1600 1100 1.48685e-18 608.276
1600 1150 1.47852e-18 618.466
1600 1200 1.47136e-18 632.456
1600 1250 1.46615e-18 650
1600 1300 1.4603e-18 670.82
1600 1350 1.44822e-18 694.622
1600 1400 1.42546e-18 721.11
1600 1450 1.39275e-18 750
1600 1500 1.3568e-18 781.025
1600 200 1.21433e-18 1000
1600 1550 1.32562e-18 813.941
1600 1600 1.30415e-18 848.528
1600 1650 1.29016e-18 884.59
1600 1700 1.27486e-18 921.954
1600 1750 1.24966e-18 960.469
1600 1800 1.21433e-18 1000
1600 1850 1.17808e-18 1040.43
1600 1900 1.14751e-18 1081.67
1600 250 1.24966e-18 960.469
1600 300 1.27486e-18 921.954
1600 350 1.29016e-18 884.59
1600 400 1.30415e-18 848.528
1600 450 1.32562e-18 813.941
1600 500 1.3568e-18 781.025
1650 50 1.11029e-18 1151.09
1650 100 1.13034e-18 1110.18
1650 550 1.34693e-18 790.569
1650 600 1.37725e-18 763.217
1650 650 1.40668e-18 738.241
1650 700 1.4304e-18 715.891
1650 750 1.4468e-18 696.419
1650 800 1.45636e-18 680.074
1650 850 1.46152e-18 667.083
1650 900 1.46433e-18 657.647
1650 950 1.4658e-18 651.92
1650 1000 1.46627e-18 650
1650 150 1.15489e-18 1070.05
1650 1050 1.4658e-18 651.92
1650 1100 1.46433e-18 657.647
1650 1150 1.46152e-18 667.083
1650 1200 1.45636e-18 680.074
1650 1250 1.4468e-18 696.419
1650 1300 1.4304e-18 715.891
1650 1350 1.40668e-18 738.241
1650 1400 1.37725e-18 763.217
1650 1450 1.34693e-18 790.569
1650 1500 1.32072e-18 820.061
1650 200 1.18667e-18 1030.78
1650 1550 1.3024e-18 851.469
1650 1600 1.29016e-18 884.59
1650 1650 1.27674e-18 919.239
1650 1700 1.25427e-18 955.249
1650 1750 1.22246e-18 992.472
1650 1800 1.18667e-18 1030.78
1650 1850 1.15489e-18 1070.05
1650 1900 1.13034e-18 1110.18
1650 250 1.22246e-18 992.472
1650 300 1.25427e-18 955.249
1650 350 1.27674e-18 919.239
1650 400 1.29016e-18 884.59
1650 450 1.3024e-18 851.469
1650 500 1.32072e-18 820.061
1700 50 1.09811e-18 1180.04
1700 100 1.11458e-18 1140.18
1700 550 1.31271e-18 832.166
1700 600 1.33171e-18 806.226
1700 650 1.35469e-18 782.624
1700 700 1.37891e-18 761.577
1700 750 1.40081e-18 743.303
1700 800 1.41845e-18 728.011
1700 850 1.43094e-18 715.891
1700 900 1.43888e-18 707.107
1700 950 1.44328e-18 701.783
1700 1000 1.44468e-18 700
1700 150 1.13481e-18 1101.14
1700 1050 1.44328e-18 701.783
1700 1100 1.43888e-18 707.107
1700 1150 1.43094e-18 715.891
1700 1200 1.41845e-18 728.011
1700 1250 1.40081e-18 743.303
1700 1300 1.37891e-18 761.577
1700 1350 1.35469e-18 782.624
1700 1400 1.33171e-18 806.226
1700 1450 1.31271e-18 832.166
1700 1500 1.29895e-18 860.233
1700 200 1.16122e-18 1063.01
1700 1550 1.28802e-18 890.225
1700 1600 1.27486e-18 921.954
1700 1650 1.25427e-18 955.249
1700 1700 1.22529e-18 989.949
1700 1750 1.19283e-18 1025.91
1700 1800 1.16122e-18 1063.01
1700 1850 1.13481e-18 1101.14
1700 1900 1.11458e-18 1140.18
1700 250 1.19283e-18 1025.91
1700 300 1.22529e-18 989.949
1700 350 1.25427e-18 955.249
1700 400 1.27486e-18 921.954
1700 450 1.28802e-18 890.225
1700 500 1.29895e-18 860.233
1750 50 1.08472e-18 1210.37
1750 100 1.09909e-18 1171.54
1750 550 1.29275e-18 874.643
1750 600 1.30268e-18 850
1750 650 1.31551e-18 827.647
1750 700 1.33083e-18 807.775
1750 750 1.34725e-18 790.569
1750 800 1.3626e-18 776.209
1750 850 1.3756e-18 764.853
1750 900 1.3853e-18 756.637
1750 950 1.39114e-18 751.665
1750 1000 1.39305e-18 750
1750 150 1.11834e-18 1133.58
1750 1050 1.39114e-18 751.665
1750 1100 1.3853e-18 756.637
1750 1150 1.3756e-18 764.853
1750 1200 1.3626e-18 776.209
1750 1250 1.34725e-18 790.569
1750 1300 1.33083e-18 807.775
1750 1350 1.31551e-18 827.647
1750 1400 1.30268e-18 850
1750 1450 1.29275e-18 874.643
1750 1500 1.28338e-18 901.388
1750 200 1.14098e-18 1096.59
1750 1550 1.27036e-18 930.054
1750 1600 1.24966e-18 960.469
1750 1650 1.22246e-18 992.472
1750 1700 1.19283e-18 1025.91
1750 1750 1.16569e-18 1060.66
1750 1800 1.14098e-18 1096.59
1750 1850 1.11834e-18 1133.58
1750 1900 1.09909e-18 1171.54
1750 250 1.16569e-18 1060.66
1750 300 1.19283e-18 1025.91
1750 350 1.22246e-18 992.472
1750 400 1.24966e-18 960.469
1750 450 1.27036e-18 930.054
1750 500 1.28338e-18 901.388
1800 50 1.07338e-18 1241.97
1800 100 1.08862e-18 1204.16
1800 550 1.27656e-18 917.878
1800 600 1.28665e-18 894.427
1800 650 1.29429e-18 873.212
1800 700 1.30159e-18 854.4
1800 750 1.30939e-18 838.153
1800 800 1.31777e-18 824.621
1800 850 1.32553e-18 813.941
1800 900 1.33194e-18 806.226
1800 950 1.33615e-18 801.561
1800 1000 1.33767e-18 800
1800 150 1.10627e-18 1167.26
1800 1050 1.33615e-18 801.561
1800 1100 1.33194e-18 806.226
1800 1150 1.32553e-18 813.941
1800 1200 1.31777e-18 824.621
1800 1250 1.30939e-18 838.153
1800 1300 1.30159e-18 854.4
1800 1350 1.29429e-18 873.212
1800 1400 1.28665e-18 894.427
1800 1450 1.27656e-18 917.878
1800 1500 1.26128e-18 943.398
1800 200 1.12449e-18 1131.37
1800 1550 1.24016e-18 970.824
1800 1600 1.21433e-18 1000
1800 1650 1.18667e-18 1030.78
1800 1700 1.16122e-18 1063.01
1800 1750 1.14098e-18 1096.59
1800 1800 1.12449e-18 1131.37
1800 1850 1.10627e-18 1167.26
1800 1900 1.08862e-18 1204.16
1800 250 1.14098e-18 1096.59
1800 300 1.16122e-18 1063.01
1800 350 1.18667e-18 1030.78
1800 400 1.21433e-18 1000
1800 450 1.24016e-18 970.824
1800 500 1.26128e-18 943.398
1850 50 1.05556e-18 1274.75
1850 100 1.07478e-18 1237.94
1850 550 1.24866e-18 961.769
1850 600 1.26489e-18 939.415
1850 650 1.27601e-18 919.239
1850 700 1.28358e-18 901.388
1850 750 1.28918e-18 886.002
1850 800 1.29368e-18 873.212
1850 850 1.29761e-18 863.134
1850 900 1.30078e-18 855.862
1850 950 1.30278e-18 851.469
1850 1000 1.30344e-18 850
1850 150 1.09085e-18 1202.08
1850 1050 1.30278e-18 851.469
1850 1100 1.30078e-18 855.862
1850 1150 1.29761e-18 863.134
1850 1200 1.29368e-18 873.212
1850 1250 1.28918e-18 886.002
1850 1300 1.28358e-18 901.388
1850 1350 1.27601e-18 919.239
1850 1400 1.26489e-18 939.415
1850 1450 1.24866e-18 961.769
1850 1500 1.22755e-18 986.154
1850 200 1.10627e-18 1167.26
1850 1550 1.20272e-18 1012.42
1850 1600 1.17808e-18 1040.43
1850 1650 1.15489e-18 1070.05
1850 1700 1.13481e-18 1101.14
1850 1750 1.11834e-18 1133.58
1850 1800 1.10627e-18 1167.26
1850 1850 1.09085e-18 1202.08
1850 1900 1.07478e-18 1237.94
1850 250 1.11834e-18 1133.58
1850 300 1.13481e-18 1101.14
1850 350 1.15489e-18 1070.05
1850 400 1.17808e-18 1040.43
1850 450 1.20272e-18 1012.42
1850 500 1.22755e-18 986.154
1900 50 1.02393e-18 1308.63
1900 100 1.05493e-18 1272.79
1900 550 1.20899e-18 1006.23
1900 600 1.22844e-18 984.886
1900 650 1.24514e-18 965.66
1900 700 1.25824e-18 948.683
1900 750 1.26791e-18 934.077
1900 800 1.27478e-18 921.954
1900 850 1.27936e-18 912.414
1900 900 1.28234e-18 905.539
1900 950 1.28409e-18 901.388
1900 1000 1.28466e-18 900
1900 150 1.07478e-18 1237.94
1900 1050 1.28409e-18 901.388
1900 1100 1.28234e-18 905.539
1900 1150 1.27936e-18 912.414
1900 1200 1.27478e-18 921.954
1900 1250 1.26791e-18 934.077
1900 1300 1.25824e-18 948.683
1900 1350 1.24514e-18 965.66
1900 1400 1.22844e-18 984.886
1900 1450 1.20899e-18 1006.23
1900 1500 1.18804e-18 1029.56
1900 200 1.08862e-18 1204.16
1900 1550 1.167e-18 1054.75
1900 1600 1.14751e-18 1081.67
1900 1650 1.13034e-18 1110.18
1900 1700 1.11458e-18 1140.18
1900 1750 1.09909e-18 1171.54
1900 1800 1.08862e-18 1204.16
1900 1850 1.07478e-18 1237.94
1900 1900 1.05493e-18 1272.79
1900 250 1.09909e-18 1171.54
1900 300 1.11458e-18 1140.18
1900 350 1.13034e-18 1110.18
1900 400 1.14751e-18 1081.67
1900 450 1.167e-18 1054.75
1900 500 1.18804e-18 1029.56
200 50 1.07338e-18 1241.97
200 100 1.08862e-18 1204.16
200 550 1.27656e-18 917.878
200 600 1.28665e-18 894.427
200 650 1.29429e-18 873.212
200 700 1.30159e-18 854.4
200 750 1.30939e-18 838.153
200 800 1.31777e-18 824.621
200 850 1.32553e-18 813.941
200 900 1.33194e-18 806.226
200 950 1.33615e-18 801.561
200 1000 1.33767e-18 800
200 150 1.10627e-18 1167.26
200 1050 1.33615e-18 801.561
200 1100 1.33194e-18 806.226
200 1150 1.32553e-18 813.941
200 1200 1.31777e-18 824.621
200 1250 1.30939e-18 838.153
200 1300 1.30159e-18 854.4
200 1350 1.29429e-18 873.212
200 1400 1.28665e-18 894.427
200 1450 1.27656e-18 917.878
200 1500 1.26128e-18 943.398
200 200 1.12449e-18 1131.37
200 1550 1.24016e-18 970.824
200 1600 1.21433e-18 1000
200 1650 1.18667e-18 1030.78
200 1700 1.16122e-18 1063.01
200 1750 1.14098e-18 1096.59
200 1800 1.12449e-18 1131.37
200 1850 1.10627e-18 1167.26
200 1900 1.08862e-18 1204.16
200 250 1.14098e-18 1096.59
200 300 1.16122e-18 1063.01
200 350 1.18667e-18 1030.78
200 400 1.21433e-18 1000
200 450 1.24016e-18 970.824
200 500 1.26128e-18 943.398
250 50 1.08472e-18 1210.37
250 100 1.09909e-18 1171.54
250 550 1.29275e-18 874.643
250 600 1.30268e-18 850
250 650 1.31551e-18 827.647
250 700 1.33083e-18 807.775
250 750 1.34725e-18 790.569
250 800 1.3626e-18 776.209
250 850 1.3756e-18 764.853
250 900 1.3853e-18 756.637
250 950 1.39114e-18 751.665
250 1000 1.39305e-18 750
250 150 1.11834e-18 1133.58
250 1050 1.39114e-18 751.665
250 1100 1.3853e-18 756.637
250 1150 1.3756e-18 764.853
250 1200 1.3626e-18 776.209
250 1250 1.34725e-18 790.569
250 1300 1.33083e-18 807.775
250 1350 1.31551e-18 827.647
250 1400 1.30268e-18 850
250 1450 1.29275e-18 874.643
250 1500 1.28338e-18 901.388
250 200 1.14098e-18 1096.59
250 1550 1.27036e-18 930.054
250 1600 1.24966e-18 960.469
250 1650 1.22246e-18 992.472
250 1700 1.19283e-18 1025.91
250 1750 1.16569e-18 1060.66
250 1800 1.14098e-18 1096.59
250 1850 1.11834e-18 1133.58
250 1900 1.09909e-18 1171.54
250 250 1.16569e-18 1060.66
250 300 1.19283e-18 1025.91
250 350 1.22246e-18 992.472
250 400 1.24966e-18 960.469
250 450 1.27036e-18 930.054
250 500 1.28338e-18 901.388
300 50 1.09811e-18 1180.04
300 100 1.11458e-18 1140.18
300 550 1.31271e-18 832.166
300 600 1.33171e-18 806.226
300 650 1.35469e-18 782.624
300 700 1.37891e-18 761.577
300 750 1.40081e-18 743.303
300 800 1.41845e-18 728.011
300 850 1.43094e-18 715.891
300 900 1.43888e-18 707.107
300 950 1.44328e-18 701.783
300 1000 1.44468e-18 700
300 150 1.13481e-18 1101.14
300 1050 1.44328e-18 701.783
300 1100 1.43888e-18 707.107
300 1150 1.43094e-18 715.891
300 1200 1.41845e-18 728.011
300 1250 1.40081e-18 743.303
300 1300 1.37891e-18 761.577
300 1350 1.35469e-18 782.624
300 1400 1.33171e-18 806.226
300 1450 1.31271e-18 832.166
300 1500 1.29895e-18 860.233
300 200 1.16122e-18 1063.01
300 1550 1.28802e-18 890.225
300 1600 1.27486e-18 921.954
300 1650 1.25427e-18 955.249
300 1700 1.22529e-18 989.949
300 1750 1.19283e-18 1025.91
300 1800 1.16122e-18 1063.01
300 1850 1.13481e-18 1101.14
300 1900 1.11458e-18 1140.18
300 250 1.19283e-18 1025.91
300 300 1.22529e-18 989.949
300 350 1.25427e-18 955.249
300 400 1.27486e-18 921.954
300 450 1.28802e-18 890.225
300 500 1.29895e-18 860.233
350 50 1.11029e-18 1151.09
350 100 1.13034e-18 1110.18
350 550 1.34693e-18 790.569
350 600 1.37725e-18 763.217
350 650 1.40668e-18 738.241
350 700 1.4304e-18 715.891
350 750 1.4468e-18 696.419
350 800 1.45636e-18 680.074
350 850 1.46152e-18 667.083
350 900 1.46433e-18 657.647
350 950 1.4658e-18 651.92
350 1000 1.46627e-18 650
350 150 1.15489e-18 1070.05
350 1050 1.4658e-18 651.92
350 1100 1.46433e-18 657.647
350 1150 1.46152e-18 667.083
350 1200 1.45636e-18 680.074
350 1250 1.4468e-18 696.419
350 1300 1.4304e-18 715.891
350 1350 1.40668e-18 738.241
350 1400 1.37725e-18 763.217
350 1450 1.34693e-18 790.569
350 1500 1.32072e-18 820.061
350 200 1.18667e-18 1030.78
350 1550 1.3024e-18 851.469
350 1600 1.29016e-18 884.59
350 1650 1.27674e-18 919.239
350 1700 1.25427e-18 955.249
350 1750 1.22246e-18 992.472
350 1800 1.18667e-18 1030.78
350 1850 1.15489e-18 1070.05
350 1900 1.13034e-18 1110.18
350 250 1.22246e-18 992.472
350 300 1.25427e-18 955.249
350 350 1.27674e-18 919.239
350 400 1.29016e-18 884.59
350 450 1.3024e-18 851.469
350 500 1.32072e-18 820.061
400 50 1.12279e-18 1123.61
400 100 1.14751e-18 1081.67
400 550 1.39275e-18 750
400 600 1.42546e-18 721.11
400 650 1.44822e-18 694.622
400 700 1.4603e-18 670.82
400 750 1.46615e-18 650
400 800 1.47136e-18 632.456
400 850 1.47852e-18 618.466
400 900 1.48685e-18 608.276
400 950 1.49353e-18 602.08
400 1000 1.49598e-18 600
400 150 1.17808e-18 1040.43
400 1050 1.49353e-18 602.08
400 1100 1.48685e-18 608.276
400 1150 1.47852e-18 618.466
400 1200 1.47136e-18 632.456
400 1250 1.46615e-18 650
400 1300 1.4603e-18 670.82
400 1350 1.44822e-18 694.622
400 1400 1.42546e-18 721.11
400 1450 1.39275e-18 750
400 1500 1.3568e-18 781.025
400 200 1.21433e-18 1000
400 1550 1.32562e-18 813.941
400 1600 1.30415e-18 848.528
400 1650 1.29016e-18 884.59
400 1700 1.27486e-18 921.954
400 1750 1.24966e-18 960.469
400 1800 1.21433e-18 1000
400 1850 1.17808e-18 1040.43
400 1900 1.14751e-18 1081.67
400 250 1.24966e-18 960.469
400 300 1.27486e-18 921.954
400 350 1.29016e-18 884.59
400 400 1.30415e-18 848.528
400 450 1.32562e-18 813.941
400 500 1.3568e-18 781.025
450 50 1.13743e-18 1097.72
450 100 1.167e-18 1054.75
450 550 1.43563e-18 710.634
450 600 1.45639e-18 680.074
450 650 1.46554e-18 651.92
450 700 1.474e-18 626.498
450 750 1.49124e-18 604.152
450 800 1.51926e-18 585.235
450 850 1.55232e-18 570.088
450 900 1.58275e-18 559.017
450 950 1.60364e-18 552.268
450 1000 1.61095e-18 550
450 150 1.20272e-18 1012.42
450 1050 1.60364e-18 552.268
450 1100 1.58275e-18 559.017
450 1150 1.55232e-18 570.088
450 1200 1.51926e-18 585.235
450 1250 1.49124e-18 604.152
450 1300 1.474e-18 626.498
450 1350 1.46554e-18 651.92
450 1400 1.45639e-18 680.074
450 1450 1.43563e-18 710.634
450 1500 1.40087e-18 743.303
450 200 1.24016e-18 970.824
450 1550 1.36023e-18 777.817
450 1600 1.32562e-18 813.941
450 1650 1.3024e-18 851.469
450 1700 1.28802e-18 890.225
450 1750 1.27036e-18 930.054
450 1800 1.24016e-18 970.824
450 1850 1.20272e-18 1012.42
450 1900 1.167e-18 1054.75
450 250 1.27036e-18 930.054
450 300 1.28802e-18 890.225
450 350 1.3024e-18 851.469
450 400 1.32562e-18 813.941
450 450 1.36023e-18 777.817
450 500 1.40087e-18 743.303
500 50 1.15242e-18 1073.55
500 100 1.18804e-18 1029.56
500 550 1.45958e-18 672.681
500 600 1.46881e-18 640.312
500 650 1.48501e-18 610.328
500 700 1.52302e-18 583.095
500 750 1.5828e-18 559.017
500 800 1.65042e-18 538.516
500 850 1.71007e-18 522.015
500 900 1.75286e-18 509.902
500 950 1.77688e-18 502.494
500 1000 1.7846e-18 500
500 150 1.22755e-18 986.154
500 1050 1.77688e-18 502.494
500 1100 1.75286e-18 509.902
500 1150 1.71007e-18 522.015
500 1200 1.65042e-18 538.516
500 1250 1.5828e-18 559.017
500 1300 1.52302e-18 583.095
500 1350 1.48501e-18 610.328
500 1400 1.46881e-18 640.312
500 1450 1.45958e-18 672.681
500 1500 1.4384e-18 707.107
500 200 1.26128e-18 943.398
500 1550 1.40087e-18 743.303
500 1600 1.3568e-18 781.025
500 1650 1.32072e-18 820.061
500 1700 1.29895e-18 860.233
500 1750 1.28338e-18 901.388
500 1800 1.26128e-18 943.398
500 1850 1.22755e-18 986.154
500 1900 1.18804e-18 1029.56
500 250 1.28338e-18 901.388
500 300 1.29895e-18 860.233
500 350 1.32072e-18 820.061
500 400 1.3568e-18 781.025
500 450 1.40087e-18 743.303
500 500 1.4384e-18 707.107
