50 50 2.11415e-18 1343.5
50 100 2.12034e-18 1308.63
50 550 2.31285e-18 1051.19
50 600 2.33601e-18 1030.78
50 650 2.35699e-18 1012.42
50 700 2.3758e-18 996.243
50 750 2.39244e-18 982.344
50 800 2.40632e-18 970.824
50 850 2.41752e-18 961.769
50 900 2.42572e-18 955.249
50 950 2.43057e-18 951.315
50 1000 2.43226e-18 950
50 150 2.10868e-18 1274.75
50 1050 2.43057e-18 951.315
50 1100 2.42572e-18 955.249
50 1150 2.41752e-18 961.769
50 1200 2.40632e-18 970.824
50 1250 2.39244e-18 982.344
50 1300 2.3758e-18 996.243
50 1350 2.35699e-18 1012.42
50 1400 2.33601e-18 1030.78
50 1450 2.31285e-18 1051.19
50 1500 2.28747e-18 1073.55
50 200 2.12632e-18 1241.97
50 1550 2.26031e-18 1097.72
50 1600 2.23187e-18 1123.61
50 1650 2.20351e-18 1151.09
50 1700 2.17603e-18 1180.04
50 1750 2.1506e-18 1210.37
50 1800 2.12632e-18 1241.97
50 1850 2.10868e-18 1274.75
50 1900 2.12034e-18 1308.63
50 250 2.1506e-18 1210.37
50 300 2.17603e-18 1180.04
50 350 2.20351e-18 1151.09
50 400 2.23187e-18 1123.61
50 450 2.26031e-18 1097.72
50 500 2.28747e-18 1073.55
550 50 2.31285e-18 1051.19
550 100 2.36236e-18 1006.23
550 550 2.9647e-18 636.396
550 600 3.07155e-18 602.08
550 650 3.1875e-18 570.088
550 700 3.27766e-18 540.833
550 750 3.32665e-18 514.782
550 800 3.35153e-18 492.443
550 850 3.37486e-18 474.342
550 900 3.40204e-18 460.977
550 950 3.42468e-18 452.769
550 1000 3.4333e-18 450
550 150 2.41665e-18 961.769
550 1050 3.42468e-18 452.769
550 1100 3.40204e-18 460.977
550 1150 3.37486e-18 474.342
550 1200 3.35153e-18 492.443
550 1250 3.32665e-18 514.782
550 1300 3.27766e-18 540.833
550 1350 3.1875e-18 570.088
550 1400 3.07155e-18 602.08
550 1450 2.9647e-18 636.396
550 1500 2.88282e-18 672.681
550 200 2.47393e-18 917.878
550 1550 2.80687e-18 710.634
550 1600 2.72573e-18 750
550 1650 2.6501e-18 790.569
550 1700 2.5857e-18 832.166
550 1750 2.52957e-18 874.643
550 1800 2.47393e-18 917.878
550 1850 2.41665e-18 961.769
550 1900 2.36236e-18 1006.23
550 250 2.52957e-18 874.643
550 300 2.5857e-18 832.166
550 350 2.6501e-18 790.569
550 400 2.72573e-18 750
550 450 2.80687e-18 710.634
550 500 2.88282e-18 672.681
600 50 2.33601e-18 1030.78
600 100 2.3873e-18 984.886
600 550 3.07155e-18 602.08
600 600 3.20297e-18 565.685
600 650 3.2987e-18 531.507
600 700 3.34355e-18 500
600 750 3.37959e-18 471.699
600 800 3.4428e-18 447.214
600 850 3.5283e-18 427.2
600 900 3.61061e-18 412.311
600 950 3.66679e-18 403.113
600 1000 3.68639e-18 400
600 150 2.44526e-18 939.415
600 1050 3.66679e-18 403.113
600 1100 3.61061e-18 412.311
600 1150 3.5283e-18 427.2
600 1200 3.4428e-18 447.214
600 1250 3.37959e-18 471.699
600 1300 3.34355e-18 500
600 1350 3.2987e-18 531.507
600 1400 3.20297e-18 565.685
600 1450 3.07155e-18 602.08
600 1500 2.95485e-18 640.312
600 200 2.50454e-18 894.427
600 1550 2.86759e-18 680.074
600 1600 2.78502e-18 721.11
600 1650 2.69943e-18 763.217
600 1700 2.6246e-18 806.226
600 1750 2.56163e-18 850
600 1800 2.50454e-18 894.427
600 1850 2.44526e-18 939.415
600 1900 2.3873e-18 984.886
600 250 2.56163e-18 850
600 300 2.6246e-18 806.226
600 350 2.69943e-18 763.217
600 400 2.78502e-18 721.11
600 450 2.86759e-18 680.074
600 500 2.95485e-18 640.312
650 50 2.35699e-18 1012.42
650 100 2.4105e-18 965.66
650 550 3.1875e-18 570.088
650 600 3.2987e-18 531.507
650 650 3.34898e-18 494.975
650 700 3.40201e-18 460.977
650 750 3.51401e-18 430.116
650 800 3.66679e-18 403.113
650 850 3.80851e-18 380.789
650 900 3.90813e-18 364.005
650 950 3.96354e-18 353.553
650 1000 3.98125e-18 350
650 150 2.47139e-18 919.239
650 1050 3.96354e-18 353.553
650 1100 3.90813e-18 364.005
650 1150 3.80851e-18 380.789
650 1200 3.66679e-18 403.113
650 1250 3.51401e-18 430.116
650 1300 3.40201e-18 460.977
650 1350 3.34898e-18 494.975
650 1400 3.2987e-18 531.507
650 1450 3.1875e-18 570.088
650 1500 3.04298e-18 610.328
650 200 2.53137e-18 873.212
650 1550 2.92689e-18 651.92
650 1600 2.83926e-18 694.622
650 1650 2.74998e-18 738.241
650 1700 2.66385e-18 782.624
650 1750 2.5922e-18 827.647
650 1800 2.53137e-18 873.212
650 1850 2.47139e-18 919.239
650 1900 2.4105e-18 965.66
650 250 2.5922e-18 827.647
650 300 2.66385e-18 782.624
650 350 2.74998e-18 738.241
650 400 2.83926e-18 694.622
650 450 2.92689e-18 651.92
650 500 3.04298e-18 610.328
700 50 2.3758e-18 996.243
700 100 2.43178e-18 948.683
700 550 3.27766e-18 540.833
700 600 3.34355e-18 500
700 650 3.40201e-18 460.977
700 700 3.54362e-18 424.264
700 750 3.74706e-18 390.512
700 800 3.92728e-18 360.555
700 850 4.0488e-18 335.41
700 900 4.14465e-18 316.228
700 950 4.22849e-18 304.138
700 1000 4.26416e-18 300
700 150 2.49439e-18 901.388
700 1050 4.22849e-18 304.138
700 1100 4.14465e-18 316.228
700 1150 4.0488e-18 335.41
700 1200 3.92728e-18 360.555
700 1250 3.74706e-18 390.512
700 1300 3.54362e-18 424.264
700 1350 3.40201e-18 460.977
700 1400 3.34355e-18 500
700 1450 3.27766e-18 540.833
700 1500 3.14049e-18 583.095
700 200 2.55557e-18 854.4
700 1550 2.99257e-18 626.498
700 1600 2.88666e-18 670.82
700 1650 2.79609e-18 715.891
700 1700 2.70286e-18 761.577
700 1750 2.62161e-18 807.775
700 1800 2.55557e-18 854.4
700 1850 2.49439e-18 901.388
700 1900 2.43178e-18 948.683
700 250 2.62161e-18 807.775
700 300 2.70286e-18 761.577
700 350 2.79609e-18 715.891
700 400 2.88666e-18 670.82
700 450 2.99257e-18 626.498
700 500 3.14049e-18 583.095
750 50 2.39244e-18 982.344
750 100 2.45034e-18 934.077
750 550 3.32665e-18 514.782
750 600 3.37959e-18 471.699
750 650 3.51401e-18 430.116
750 700 3.74706e-18 390.512
750 750 3.96353e-18 353.553
750 800 4.12253e-18 320.156
750 850 4.35205e-18 291.548
750 900 4.69925e-18 269.258
750 950 5.00245e-18 254.951
750 1000 5.1159e-18 250
750 150 2.51443e-18 886.002
750 1050 5.00245e-18 254.951
750 1100 4.69925e-18 269.258
750 1150 4.35205e-18 291.548
750 1200 4.12253e-18 320.156
750 1250 3.96353e-18 353.553
750 1300 3.74706e-18 390.512
750 1350 3.51401e-18 430.116
750 1400 3.37959e-18 471.699
750 1450 3.32665e-18 514.782
750 1500 3.22529e-18 559.017
750 200 2.57723e-18 838.153
750 1550 3.06411e-18 604.152
750 1600 2.93098e-18 650
750 1650 2.8353e-18 696.419
750 1700 2.73917e-18 743.303
750 1750 2.64986e-18 790.569
750 1800 2.57723e-18 838.153
750 1850 2.51443e-18 886.002
750 1900 2.45034e-18 934.077
750 250 2.64986e-18 790.569
750 300 2.73917e-18 743.303
750 350 2.8353e-18 696.419
750 400 2.93098e-18 650
750 450 3.06411e-18 604.152
750 500 3.22529e-18 559.017
800 50 2.40632e-18 970.824
800 100 2.46621e-18 921.954
800 550 3.35153e-18 492.443
800 600 3.4428e-18 447.214
800 650 3.66679e-18 403.113
800 700 3.92728e-18 360.555
800 750 4.12253e-18 320.156
800 800 4.46696e-18 282.843
800 850 5.1159e-18 250
800 900 5.67892e-18 223.607
800 950 5.8892e-18 206.155
800 1000 5.91537e-18 200
800 150 2.53085e-18 873.212
800 1050 5.8892e-18 206.155
800 1100 5.67892e-18 223.607
800 1150 5.1159e-18 250
800 1200 4.46696e-18 282.843
800 1250 4.12253e-18 320.156
800 1300 3.92728e-18 360.555
800 1350 3.66679e-18 403.113
800 1400 3.4428e-18 447.214
800 1450 3.35153e-18 492.443
800 1500 3.2832e-18 538.516
800 200 2.59654e-18 824.621
800 1550 3.1324e-18 585.235
800 1600 2.97522e-18 632.456
800 1650 2.8676e-18 680.074
800 1700 2.77084e-18 728.011
800 1750 2.67527e-18 776.209
800 1800 2.59654e-18 824.621
800 1850 2.53085e-18 873.212
800 1900 2.46621e-18 921.954
800 250 2.67527e-18 776.209
800 300 2.77084e-18 728.011
800 350 2.8676e-18 680.074
800 400 2.97522e-18 632.456
800 450 3.1324e-18 585.235
800 500 3.2832e-18 538.516
850 50 2.41752e-18 961.769
850 100 2.47854e-18 912.414
850 550 3.37486e-18 474.342
850 600 3.5283e-18 427.2
850 650 3.80851e-18 380.789
850 700 4.0488e-18 335.41
850 750 4.35205e-18 291.548
850 800 5.1159e-18 250
850 850 5.83829e-18 212.132
850 900 5.82571e-18 180.278
850 950 5.52366e-18 158.114
850 1000 5.41895e-18 150
850 150 2.54413e-18 863.134
850 1050 5.52366e-18 158.114
850 1100 5.82571e-18 180.278
850 1150 5.83829e-18 212.132
850 1200 5.1159e-18 250
850 1250 4.35205e-18 291.548
850 1300 4.0488e-18 335.41
850 1350 3.80851e-18 380.789
850 1400 3.5283e-18 427.2
850 1450 3.37486e-18 474.342
850 1500 3.31586e-18 522.015
850 200 2.61236e-18 813.941
850 1550 3.18749e-18 570.088
850 1600 3.01671e-18 618.466
850 1650 2.89398e-18 667.083
850 1700 2.79593e-18 715.891
850 1750 2.69671e-18 764.853
850 1800 2.61236e-18 813.941
850 1850 2.54413e-18 863.134
850 1900 2.47854e-18 912.414
850 250 2.69671e-18 764.853
850 300 2.79593e-18 715.891
850 350 2.89398e-18 667.083
850 400 3.01671e-18 618.466
850 450 3.18749e-18 570.088
850 500 3.31586e-18 522.015
900 50 2.42572e-18 955.249
900 100 2.48749e-18 905.539
900 550 3.40204e-18 460.977
900 600 3.61061e-18 412.311
900 650 3.90813e-18 364.005
900 700 4.14465e-18 316.228
900 750 4.69925e-18 269.258
900 800 5.67892e-18 223.607
900 850 5.82571e-18 180.278
900 900 5.34794e-18 141.421
900 950 5.71341e-18 111.803
900 1000 6.16834e-18 100
900 150 2.55365e-18 855.862
900 1050 5.71341e-18 111.803
900 1100 5.34794e-18 141.421
900 1150 5.82571e-18 180.278
900 1200 5.67892e-18 223.607
900 1250 4.69925e-18 269.258
900 1300 4.14465e-18 316.228
900 1350 3.90813e-18 364.005
900 1400 3.61061e-18 412.311
900 1450 3.40204e-18 460.977
900 1500 3.33275e-18 509.902
900 200 2.62444e-18 806.226
900 1550 3.22534e-18 559.017
900 1600 3.05031e-18 608.276
900 1650 2.9141e-18 657.647
900 1700 2.81406e-18 707.107
900 1750 2.71262e-18 756.637
900 1800 2.62444e-18 806.226
900 1850 2.55365e-18 855.862
900 1900 2.48749e-18 905.539
900 250 2.71262e-18 756.637
900 300 2.81406e-18 707.107
900 350 2.9141e-18 657.647
900 400 3.05031e-18 608.276
900 450 3.22534e-18 559.017
900 500 3.33275e-18 509.902
950 50 2.43057e-18 951.315
950 100 2.49292e-18 901.388
950 550 3.42468e-18 452.769
950 600 3.66679e-18 403.113
950 650 3.96354e-18 353.553
950 700 4.22849e-18 304.138
950 750 5.00245e-18 254.951
950 800 5.8892e-18 206.155
950 850 5.52366e-18 158.114
950 900 5.71341e-18 111.803
950 950 7.86252e-18 70.7107
950 1000 9.5698e-18 50
950 150 2.55952e-18 851.469
950 1050 7.86252e-18 70.7107
950 1100 5.71341e-18 111.803
950 1150 5.52366e-18 158.114
950 1200 5.8892e-18 206.155
950 1250 5.00245e-18 254.951
950 1300 4.22849e-18 304.138
950 1350 3.96354e-18 353.553
950 1400 3.66679e-18 403.113
950 1450 3.42468e-18 452.769
950 1500 3.34104e-18 502.494
950 200 2.63182e-18 801.561
950 1550 3.24634e-18 552.268
950 1600 3.07182e-18 602.08
950 1650 2.92703e-18 651.92
950 1700 2.82482e-18 701.783
950 1750 2.72257e-18 751.665
950 1800 2.63182e-18 801.561
950 1850 2.55952e-18 851.469
950 1900 2.49292e-18 901.388
950 250 2.72257e-18 751.665
950 300 2.82482e-18 701.783
950 350 2.92703e-18 651.92
950 400 3.07182e-18 602.08
950 450 3.24634e-18 552.268
950 500 3.34104e-18 502.494
1000 50 2.43226e-18 950
1000 100 2.49463e-18 900
1000 550 3.4333e-18 450
1000 600 3.68639e-18 400
1000 650 3.98125e-18 350
1000 700 4.26416e-18 300
1000 750 5.1159e-18 250
1000 800 5.91537e-18 200
1000 850 5.41895e-18 150
1000 900 6.16834e-18 100
1000 950 9.5698e-18 50
1000 150 2.56161e-18 850
1000 1050 9.5698e-18 50
1000 1100 6.16834e-18 100
1000 1150 5.41895e-18 150
1000 1200 5.91537e-18 200
1000 1250 5.1159e-18 250
1000 1300 4.26416e-18 300
1000 1350 3.98125e-18 350
1000 1400 3.68639e-18 400
1000 1450 3.4333e-18 450
1000 1500 3.34371e-18 500
1000 200 2.63425e-18 800
1000 1550 3.25306e-18 550
1000 1600 3.07917e-18 600
1000 1650 2.93147e-18 650
1000 1700 2.82839e-18 700
1000 1750 2.72599e-18 750
1000 1800 2.63425e-18 800
1000 1850 2.56161e-18 850
1000 1900 2.49463e-18 900
1000 250 2.72599e-18 750
1000 300 2.82839e-18 700
1000 350 2.93147e-18 650
1000 400 3.07917e-18 600
1000 450 3.25306e-18 550
1000 500 3.34371e-18 500
100 50 2.12034e-18 1308.63
100 100 2.11019e-18 1272.79
100 550 2.36236e-18 1006.23
100 600 2.3873e-18 984.886
100 650 2.4105e-18 965.66
100 700 2.43178e-18 948.683
100 750 2.45034e-18 934.077
100 800 2.46621e-18 921.954
100 850 2.47854e-18 912.414
100 900 2.48749e-18 905.539
100 950 2.49292e-18 901.388
100 1000 2.49463e-18 900
100 150 2.12726e-18 1237.94
100 1050 2.49292e-18 901.388
100 1100 2.48749e-18 905.539
100 1150 2.47854e-18 912.414
100 1200 2.46621e-18 921.954
100 1250 2.45034e-18 934.077
100 1300 2.43178e-18 948.683
100 1350 2.4105e-18 965.66
100 1400 2.3873e-18 984.886
100 1450 2.36236e-18 1006.23
100 1500 2.33591e-18 1029.56
100 200 2.15218e-18 1204.16
100 1550 2.30742e-18 1054.75
100 1600 2.27683e-18 1081.67
100 1650 2.24487e-18 1110.18
100 1700 2.21261e-18 1140.18
100 1750 2.18163e-18 1171.54
100 1800 2.15218e-18 1204.16
100 1850 2.12726e-18 1237.94
100 1900 2.11019e-18 1272.79
100 250 2.18163e-18 1171.54
100 300 2.21261e-18 1140.18
100 350 2.24487e-18 1110.18
100 400 2.27683e-18 1081.67
100 450 2.30742e-18 1054.75
100 500 2.33591e-18 1029.56
1050 50 2.43057e-18 951.315
1050 100 2.49292e-18 901.388
1050 550 3.42468e-18 452.769
1050 600 3.66679e-18 403.113
1050 650 3.96354e-18 353.553
1050 700 4.22849e-18 304.138
1050 750 5.00245e-18 254.951
1050 800 5.8892e-18 206.155
1050 850 5.52366e-18 158.114
1050 900 5.71341e-18 111.803
1050 950 7.86252e-18 70.7107
1050 1000 9.5698e-18 50
1050 150 2.55952e-18 851.469
1050 1050 7.86252e-18 70.7107
1050 1100 5.71341e-18 111.803
1050 1150 5.52366e-18 158.114
1050 1200 5.8892e-18 206.155
1050 1250 5.00245e-18 254.951
1050 1300 4.22849e-18 304.138
1050 1350 3.96354e-18 353.553
1050 1400 3.66679e-18 403.113
1050 1450 3.42468e-18 452.769
1050 1500 3.34104e-18 502.494
1050 200 2.63182e-18 801.561
1050 1550 3.24634e-18 552.268
1050 1600 3.07182e-18 602.08
1050 1650 2.92703e-18 651.92
1050 1700 2.82482e-18 701.783
1050 1750 2.72257e-18 751.665
1050 1800 2.63182e-18 801.561
1050 1850 2.55952e-18 851.469
1050 1900 2.49292e-18 901.388
1050 250 2.72257e-18 751.665
1050 300 2.82482e-18 701.783
1050 350 2.92703e-18 651.92
1050 400 3.07182e-18 602.08
1050 450 3.24634e-18 552.268
1050 500 3.34104e-18 502.494
1100 50 2.42572e-18 955.249
1100 100 2.48749e-18 905.539
1100 550 3.40204e-18 460.977
1100 600 3.61061e-18 412.311
1100 650 3.90813e-18 364.005
1100 700 4.14465e-18 316.228
1100 750 4.69925e-18 269.258
1100 800 5.67892e-18 223.607
1100 850 5.82571e-18 180.278
1100 900 5.34794e-18 141.421
1100 950 5.71341e-18 111.803
1100 1000 6.16834e-18 100
1100 150 2.55365e-18 855.862
1100 1050 5.71341e-18 111.803
1100 1100 5.34794e-18 141.421
1100 1150 5.82571e-18 180.278
1100 1200 5.67892e-18 223.607
1100 1250 4.69925e-18 269.258
1100 1300 4.14465e-18 316.228
1100 1350 3.90813e-18 364.005
1100 1400 3.61061e-18 412.311
1100 1450 3.40204e-18 460.977
1100 1500 3.33275e-18 509.902
1100 200 2.62444e-18 806.226
1100 1550 3.22534e-18 559.017
1100 1600 3.05031e-18 608.276
1100 1650 2.9141e-18 657.647
1100 1700 2.81406e-18 707.107
1100 1750 2.71262e-18 756.637
1100 1800 2.62444e-18 806.226
1100 1850 2.55365e-18 855.862
1100 1900 2.48749e-18 905.539
1100 250 2.71262e-18 756.637
1100 300 2.81406e-18 707.107
1100 350 2.9141e-18 657.647
1100 400 3.05031e-18 608.276
1100 450 3.22534e-18 559.017
1100 500 3.33275e-18 509.902
1150 50 2.41752e-18 961.769
1150 100 2.47854e-18 912.414
1150 550 3.37486e-18 474.342
1150 600 3.5283e-18 427.2
1150 650 3.80851e-18 380.789
1150 700 4.0488e-18 335.41
1150 750 4.35205e-18 291.548
1150 800 5.1159e-18 250
1150 850 5.83829e-18 212.132
1150 900 5.82571e-18 180.278
1150 950 5.52366e-18 158.114
1150 1000 5.41895e-18 150
1150 150 2.54413e-18 863.134
1150 1050 5.52366e-18 158.114
1150 1100 5.82571e-18 180.278
1150 1150 5.83829e-18 212.132
1150 1200 5.1159e-18 250
1150 1250 4.35205e-18 291.548
1150 1300 4.0488e-18 335.41
1150 1350 3.80851e-18 380.789
1150 1400 3.5283e-18 427.2
1150 1450 3.37486e-18 474.342
1150 1500 3.31586e-18 522.015
1150 200 2.61236e-18 813.941
1150 1550 3.18749e-18 570.088
1150 1600 3.01671e-18 618.466
1150 1650 2.89398e-18 667.083
1150 1700 2.79593e-18 715.891
1150 1750 2.69671e-18 764.853
1150 1800 2.61236e-18 813.941
1150 1850 2.54413e-18 863.134
1150 1900 2.47854e-18 912.414
1150 250 2.69671e-18 764.853
1150 300 2.79593e-18 715.891
1150 350 2.89398e-18 667.083
1150 400 3.01671e-18 618.466
1150 450 3.18749e-18 570.088
1150 500 3.31586e-18 522.015
1200 50 2.40632e-18 970.824
1200 100 2.46621e-18 921.954
1200 550 3.35153e-18 492.443
1200 600 3.4428e-18 447.214
1200 650 3.66679e-18 403.113
1200 700 3.92728e-18 360.555
1200 750 4.12253e-18 320.156
1200 800 4.46696e-18 282.843
1200 850 5.1159e-18 250
1200 900 5.67892e-18 223.607
1200 950 5.8892e-18 206.155
1200 1000 5.91537e-18 200
1200 150 2.53085e-18 873.212
1200 1050 5.8892e-18 206.155
1200 1100 5.67892e-18 223.607
1200 1150 5.1159e-18 250
1200 1200 4.46696e-18 282.843
1200 1250 4.12253e-18 320.156
1200 1300 3.92728e-18 360.555
1200 1350 3.66679e-18 403.113
1200 1400 3.4428e-18 447.214
1200 1450 3.35153e-18 492.443
1200 1500 3.2832e-18 538.516
1200 200 2.59654e-18 824.621
1200 1550 3.1324e-18 585.235
1200 1600 2.97522e-18 632.456
1200 1650 2.8676e-18 680.074
1200 1700 2.77084e-18 728.011
1200 1750 2.67527e-18 776.209
1200 1800 2.59654e-18 824.621
1200 1850 2.53085e-18 873.212
1200 1900 2.46621e-18 921.954
1200 250 2.67527e-18 776.209
1200 300 2.77084e-18 728.011
1200 350 2.8676e-18 680.074
1200 400 2.97522e-18 632.456
1200 450 3.1324e-18 585.235
1200 500 3.2832e-18 538.516
1250 50 2.39244e-18 982.344
1250 100 2.45034e-18 934.077
1250 550 3.32665e-18 514.782
1250 600 3.37959e-18 471.699
1250 650 3.51401e-18 430.116
1250 700 3.74706e-18 390.512
1250 750 3.96353e-18 353.553
1250 800 4.12253e-18 320.156
1250 850 4.35205e-18 291.548
1250 900 4.69925e-18 269.258
1250 950 5.00245e-18 254.951
1250 1000 5.1159e-18 250
1250 150 2.51443e-18 886.002
1250 1050 5.00245e-18 254.951
1250 1100 4.69925e-18 269.258
1250 1150 4.35205e-18 291.548
1250 1200 4.12253e-18 320.156
1250 1250 3.96353e-18 353.553
1250 1300 3.74706e-18 390.512
1250 1350 3.51401e-18 430.116
1250 1400 3.37959e-18 471.699
1250 1450 3.32665e-18 514.782
1250 1500 3.22529e-18 559.017
1250 200 2.57723e-18 838.153
1250 1550 3.06411e-18 604.152
1250 1600 2.93098e-18 650
1250 1650 2.8353e-18 696.419
1250 1700 2.73917e-18 743.303
1250 1750 2.64986e-18 790.569
1250 1800 2.57723e-18 838.153
1250 1850 2.51443e-18 886.002
1250 1900 2.45034e-18 934.077
1250 250 2.64986e-18 790.569
1250 300 2.73917e-18 743.303
1250 350 2.8353e-18 696.419
1250 400 2.93098e-18 650
1250 450 3.06411e-18 604.152
1250 500 3.22529e-18 559.017
1300 50 2.3758e-18 996.243
1300 100 2.43178e-18 948.683
1300 550 3.27766e-18 540.833
1300 600 3.34355e-18 500
1300 650 3.40201e-18 460.977
1300 700 3.54362e-18 424.264
1300 750 3.74706e-18 390.512
1300 800 3.92728e-18 360.555
1300 850 4.0488e-18 335.41
1300 900 4.14465e-18 316.228
1300 950 4.22849e-18 304.138
1300 1000 4.26416e-18 300
1300 150 2.49439e-18 901.388
1300 1050 4.22849e-18 304.138
1300 1100 4.14465e-18 316.228
1300 1150 4.0488e-18 335.41
1300 1200 3.92728e-18 360.555
1300 1250 3.74706e-18 390.512
1300 1300 3.54362e-18 424.264
1300 1350 3.40201e-18 460.977
1300 1400 3.34355e-18 500
1300 1450 3.27766e-18 540.833
1300 1500 3.14049e-18 583.095
1300 200 2.55557e-18 854.4
1300 1550 2.99257e-18 626.498
1300 1600 2.88666e-18 670.82
1300 1650 2.79609e-18 715.891
1300 1700 2.70286e-18 761.577
1300 1750 2.62161e-18 807.775
1300 1800 2.55557e-18 854.4
1300 1850 2.49439e-18 901.388
1300 1900 2.43178e-18 948.683
1300 250 2.62161e-18 807.775
1300 300 2.70286e-18 761.577
1300 350 2.79609e-18 715.891
1300 400 2.88666e-18 670.82
1300 450 2.99257e-18 626.498
1300 500 3.14049e-18 583.095
1350 50 2.35699e-18 1012.42
1350 100 2.4105e-18 965.66
1350 550 3.1875e-18 570.088
1350 600 3.2987e-18 531.507
1350 650 3.34898e-18 494.975
1350 700 3.40201e-18 460.977
1350 750 3.51401e-18 430.116
1350 800 3.66679e-18 403.113
1350 850 3.80851e-18 380.789
1350 900 3.90813e-18 364.005
1350 950 3.96354e-18 353.553
1350 1000 3.98125e-18 350
1350 150 2.47139e-18 919.239
1350 1050 3.96354e-18 353.553
1350 1100 3.90813e-18 364.005
1350 1150 3.80851e-18 380.789
1350 1200 3.66679e-18 403.113
1350 1250 3.51401e-18 430.116
1350 1300 3.40201e-18 460.977
1350 1350 3.34898e-18 494.975
1350 1400 3.2987e-18 531.507
1350 1450 3.1875e-18 570.088
1350 1500 3.04298e-18 610.328
1350 200 2.53137e-18 873.212
1350 1550 2.92689e-18 651.92
1350 1600 2.83926e-18 694.622
1350 1650 2.74998e-18 738.241
1350 1700 2.66385e-18 782.624
1350 1750 2.5922e-18 827.647
1350 1800 2.53137e-18 873.212
1350 1850 2.47139e-18 919.239
1350 1900 2.4105e-18 965.66
1350 250 2.5922e-18 827.647
1350 300 2.66385e-18 782.624
1350 350 2.74998e-18 738.241
1350 400 2.83926e-18 694.622
1350 450 2.92689e-18 651.92
1350 500 3.04298e-18 610.328
1400 50 2.33601e-18 1030.78
1400 100 2.3873e-18 984.886
1400 550 3.07155e-18 602.08
1400 600 3.20297e-18 565.685
1400 650 3.2987e-18 531.507
1400 700 3.34355e-18 500
1400 750 3.37959e-18 471.699
1400 800 3.4428e-18 447.214
1400 850 3.5283e-18 427.2
1400 900 3.61061e-18 412.311
1400 950 3.66679e-18 403.113
1400 1000 3.68639e-18 400
1400 150 2.44526e-18 939.415
1400 1050 3.66679e-18 403.113
1400 1100 3.61061e-18 412.311
1400 1150 3.5283e-18 427.2
1400 1200 3.4428e-18 447.214
1400 1250 3.37959e-18 471.699
1400 1300 3.34355e-18 500
1400 1350 3.2987e-18 531.507
1400 1400 3.20297e-18 565.685
1400 1450 3.07155e-18 602.08
1400 1500 2.95485e-18 640.312
1400 200 2.50454e-18 894.427
1400 1550 2.86759e-18 680.074
1400 1600 2.78502e-18 721.11
1400 1650 2.69943e-18 763.217
1400 1700 2.6246e-18 806.226
1400 1750 2.56163e-18 850
1400 1800 2.50454e-18 894.427
1400 1850 2.44526e-18 939.415
1400 1900 2.3873e-18 984.886
1400 250 2.56163e-18 850
1400 300 2.6246e-18 806.226
1400 350 2.69943e-18 763.217
1400 400 2.78502e-18 721.11
1400 450 2.86759e-18 680.074
1400 500 2.95485e-18 640.312
1450 50 2.31285e-18 1051.19
1450 100 2.36236e-18 1006.23
1450 550 2.9647e-18 636.396
1450 600 3.07155e-18 602.08
1450 650 3.1875e-18 570.088
1450 700 3.27766e-18 540.833
1450 750 3.32665e-18 514.782
1450 800 3.35153e-18 492.443
1450 850 3.37486e-18 474.342
1450 900 3.40204e-18 460.977
1450 950 3.42468e-18 452.769
1450 1000 3.4333e-18 450
1450 150 2.41665e-18 961.769
1450 1050 3.42468e-18 452.769
1450 1100 3.40204e-18 460.977
1450 1150 3.37486e-18 474.342
1450 1200 3.35153e-18 492.443
1450 1250 3.32665e-18 514.782
1450 1300 3.27766e-18 540.833
1450 1350 3.1875e-18 570.088
1450 1400 3.07155e-18 602.08
1450 1450 2.9647e-18 636.396
1450 1500 2.88282e-18 672.681
1450 200 2.47393e-18 917.878
1450 1550 2.80687e-18 710.634
1450 1600 2.72573e-18 750
1450 1650 2.6501e-18 790.569
1450 1700 2.5857e-18 832.166
1450 1750 2.52957e-18 874.643
1450 1800 2.47393e-18 917.878
1450 1850 2.41665e-18 961.769
1450 1900 2.36236e-18 1006.23
1450 250 2.52957e-18 874.643
1450 300 2.5857e-18 832.166
1450 350 2.6501e-18 790.569
1450 400 2.72573e-18 750
1450 450 2.80687e-18 710.634
1450 500 2.88282e-18 672.681
1500 50 2.28747e-18 1073.55
1500 100 2.33591e-18 1029.56
1500 550 2.88282e-18 672.681
1500 600 2.95485e-18 640.312
1500 650 3.04298e-18 610.328
1500 700 3.14049e-18 583.095
1500 750 3.22529e-18 559.017
1500 800 3.2832e-18 538.516
1500 850 3.31586e-18 522.015
1500 900 3.33275e-18 509.902
1500 950 3.34104e-18 502.494
1500 1000 3.34371e-18 500
1500 150 2.38585e-18 986.154
1500 1050 3.34104e-18 502.494
1500 1100 3.33275e-18 509.902
1500 1150 3.31586e-18 522.015
1500 1200 3.2832e-18 538.516
1500 1250 3.22529e-18 559.017
1500 1300 3.14049e-18 583.095
1500 1350 3.04298e-18 610.328
1500 1400 2.95485e-18 640.312
1500 1450 2.88282e-18 672.681
1500 1500 2.81366e-18 707.107
1500 200 2.44014e-18 943.398
1500 1550 2.73945e-18 743.303
1500 1600 2.66701e-18 781.025
1500 1650 2.60343e-18 820.061
1500 1700 2.54769e-18 860.233
1500 1750 2.49468e-18 901.388
1500 1800 2.44014e-18 943.398
1500 1850 2.38585e-18 986.154
1500 1900 2.33591e-18 1029.56
1500 250 2.49468e-18 901.388
1500 300 2.54769e-18 860.233
1500 350 2.60343e-18 820.061
1500 400 2.66701e-18 781.025
1500 450 2.73945e-18 743.303
1500 500 2.81366e-18 707.107
150 50 2.10868e-18 1274.75
150 100 2.12726e-18 1237.94
150 550 2.41665e-18 961.769
150 600 2.44526e-18 939.415
150 650 2.47139e-18 919.239
150 700 2.49439e-18 901.388
150 750 2.51443e-18 886.002
150 800 2.53085e-18 873.212
150 850 2.54413e-18 863.134
150 900 2.55365e-18 855.862
150 950 2.55952e-18 851.469
150 1000 2.56161e-18 850
150 150 2.15613e-18 1202.08
150 1050 2.55952e-18 851.469
150 1100 2.55365e-18 855.862
150 1150 2.54413e-18 863.134
150 1200 2.53085e-18 873.212
150 1250 2.51443e-18 886.002
150 1300 2.49439e-18 901.388
150 1350 2.47139e-18 919.239
150 1400 2.44526e-18 939.415
150 1450 2.41665e-18 961.769
150 1500 2.38585e-18 986.154
150 200 2.18571e-18 1167.26
150 1550 2.35395e-18 1012.42
150 1600 2.32128e-18 1040.43
150 1650 2.28778e-18 1070.05
150 1700 2.25357e-18 1101.14
150 1750 2.2191e-18 1133.58
150 1800 2.18571e-18 1167.26
150 1850 2.15613e-18 1202.08
150 1900 2.12726e-18 1237.94
150 250 2.2191e-18 1133.58
150 300 2.25357e-18 1101.14
150 350 2.28778e-18 1070.05
150 400 2.32128e-18 1040.43
150 450 2.35395e-18 1012.42
150 500 2.38585e-18 986.154
1550 50 2.26031e-18 1097.72
1550 100 2.30742e-18 1054.75
1550 550 2.80687e-18 710.634
1550 600 2.86759e-18 680.074
1550 650 2.92689e-18 651.92
1550 700 2.99257e-18 626.498
1550 750 3.06411e-18 604.152
1550 800 3.1324e-18 585.235
1550 850 3.18749e-18 570.088
1550 900 3.22534e-18 559.017
1550 950 3.24634e-18 552.268
1550 1000 3.25306e-18 550
1550 150 2.35395e-18 1012.42
1550 1050 3.24634e-18 552.268
1550 1100 3.22534e-18 559.017
1550 1150 3.18749e-18 570.088
1550 1200 3.1324e-18 585.235
1550 1250 3.06411e-18 604.152
1550 1300 2.99257e-18 626.498
1550 1350 2.92689e-18 651.92
1550 1400 2.86759e-18 680.074
1550 1450 2.80687e-18 710.634
1550 1500 2.73945e-18 743.303
1550 200 2.40454e-18 970.824
1550 1550 2.67222e-18 777.817
1550 1600 2.61227e-18 813.941
1550 1650 2.55897e-18 851.469
1550 1700 2.50899e-18 890.225
1550 1750 2.45747e-18 930.054
1550 1800 2.40454e-18 970.824
1550 1850 2.35395e-18 1012.42
1550 1900 2.30742e-18 1054.75
1550 250 2.45747e-18 930.054
1550 300 2.50899e-18 890.225
1550 350 2.55897e-18 851.469
1550 400 2.61227e-18 813.941
1550 450 2.67222e-18 777.817
1550 500 2.73945e-18 743.303
1600 50 2.23187e-18 1123.61
1600 100 2.27683e-18 1081.67
1600 550 2.72573e-18 750
1600 600 2.78502e-18 721.11
1600 650 2.83926e-18 694.622
1600 700 2.88666e-18 670.82
1600 750 2.93098e-18 650
1600 800 2.97522e-18 632.456
1600 850 3.01671e-18 618.466
1600 900 3.05031e-18 608.276
1600 950 3.07182e-18 602.08
1600 1000 3.07917e-18 600
1600 150 2.32128e-18 1040.43
1600 1050 3.07182e-18 602.08
1600 1100 3.05031e-18 608.276
1600 1150 3.01671e-18 618.466
1600 1200 2.97522e-18 632.456
1600 1250 2.93098e-18 650
1600 1300 2.88666e-18 670.82
1600 1350 2.83926e-18 694.622
1600 1400 2.78502e-18 721.11
1600 1450 2.72573e-18 750
1600 1500 2.66701e-18 781.025
1600 200 2.36912e-18 1000
1600 1550 2.61227e-18 813.941
1600 1600 2.56318e-18 848.528
1600 1650 2.51652e-18 884.59
1600 1700 2.46826e-18 921.954
1600 1750 2.41862e-18 960.469
1600 1800 2.36912e-18 1000
1600 1850 2.32128e-18 1040.43
1600 1900 2.27683e-18 1081.67
1600 250 2.41862e-18 960.469
1600 300 2.46826e-18 921.954
1600 350 2.51652e-18 884.59
1600 400 2.56318e-18 848.528
1600 450 2.61227e-18 813.941
1600 500 2.66701e-18 781.025
1650 50 2.20351e-18 1151.09
1650 100 2.24487e-18 1110.18
1650 550 2.6501e-18 790.569
1650 600 2.69943e-18 763.217
1650 650 2.74998e-18 738.241
1650 700 2.79609e-18 715.891
1650 750 2.8353e-18 696.419
1650 800 2.8676e-18 680.074
1650 850 2.89398e-18 667.083
1650 900 2.9141e-18 657.647
1650 950 2.92703e-18 651.92
1650 1000 2.93147e-18 650
1650 150 2.28778e-18 1070.05
1650 1050 2.92703e-18 651.92
1650 1100 2.9141e-18 657.647
1650 1150 2.89398e-18 667.083
1650 1200 2.8676e-18 680.074
1650 1250 2.8353e-18 696.419
1650 1300 2.79609e-18 715.891
1650 1350 2.74998e-18 738.241
1650 1400 2.69943e-18 763.217
1650 1450 2.6501e-18 790.569
1650 1500 2.60343e-18 820.061
1650 200 2.33361e-18 1030.78
1650 1550 2.55897e-18 851.469
1650 1600 2.51652e-18 884.59
1650 1650 2.4725e-18 919.239
1650 1700 2.42546e-18 955.249
1650 1750 2.37906e-18 992.472
1650 1800 2.33361e-18 1030.78
1650 1850 2.28778e-18 1070.05
1650 1900 2.24487e-18 1110.18
1650 250 2.37906e-18 992.472
1650 300 2.42546e-18 955.249
1650 350 2.4725e-18 919.239
1650 400 2.51652e-18 884.59
1650 450 2.55897e-18 851.469
1650 500 2.60343e-18 820.061
1700 50 2.17603e-18 1180.04
1700 100 2.21261e-18 1140.18
1700 550 2.5857e-18 832.166
1700 600 2.6246e-18 806.226
1700 650 2.66385e-18 782.624
1700 700 2.70286e-18 761.577
1700 750 2.73917e-18 743.303
1700 800 2.77084e-18 728.011
1700 850 2.79593e-18 715.891
1700 900 2.81406e-18 707.107
1700 950 2.82482e-18 701.783
1700 1000 2.82839e-18 700
1700 150 2.25357e-18 1101.14
1700 1050 2.82482e-18 701.783
1700 1100 2.81406e-18 707.107
1700 1150 2.79593e-18 715.891
1700 1200 2.77084e-18 728.011
1700 1250 2.73917e-18 743.303
1700 1300 2.70286e-18 761.577
1700 1350 2.66385e-18 782.624
1700 1400 2.6246e-18 806.226
1700 1450 2.5857e-18 832.166
1700 1500 2.54769e-18 860.233
1700 200 2.29703e-18 1063.01
1700 1550 2.50899e-18 890.225
1700 1600 2.46826e-18 921.954
1700 1650 2.42546e-18 955.249
1700 1700 2.38166e-18 989.949
1700 1750 2.33914e-18 1025.91
1700 1800 2.29703e-18 1063.01
1700 1850 2.25357e-18 1101.14
1700 1900 2.21261e-18 1140.18
1700 250 2.33914e-18 1025.91
1700 300 2.38166e-18 989.949
1700 350 2.42546e-18 955.249
1700 400 2.46826e-18 921.954
1700 450 2.50899e-18 890.225
1700 500 2.54769e-18 860.233
1750 50 2.1506e-18 1210.37
1750 100 2.18163e-18 1171.54
1750 550 2.52957e-18 874.643
1750 600 2.56163e-18 850
1750 650 2.5922e-18 827.647
1750 700 2.62161e-18 807.775
1750 750 2.64986e-18 790.569
1750 800 2.67527e-18 776.209
1750 850 2.69671e-18 764.853
1750 900 2.71262e-18 756.637
1750 950 2.72257e-18 751.665
1750 1000 2.72599e-18 750
1750 150 2.2191e-18 1133.58
1750 1050 2.72257e-18 751.665
1750 1100 2.71262e-18 756.637
1750 1150 2.69671e-18 764.853
1750 1200 2.67527e-18 776.209
1750 1250 2.64986e-18 790.569
1750 1300 2.62161e-18 807.775
1750 1350 2.5922e-18 827.647
1750 1400 2.56163e-18 850
1750 1450 2.52957e-18 874.643
1750 1500 2.49468e-18 901.388
1750 200 2.25863e-18 1096.59
1750 1550 2.45747e-18 930.054
1750 1600 2.41862e-18 960.469
1750 1650 2.37906e-18 992.472
1750 1700 2.33914e-18 1025.91
1750 1750 2.29875e-18 1060.66
1750 1800 2.25863e-18 1096.59
1750 1850 2.2191e-18 1133.58
1750 1900 2.18163e-18 1171.54
1750 250 2.29875e-18 1060.66
1750 300 2.33914e-18 1025.91
1750 350 2.37906e-18 992.472
1750 400 2.41862e-18 960.469
1750 450 2.45747e-18 930.054
1750 500 2.49468e-18 901.388
1800 50 2.12632e-18 1241.97
1800 100 2.15218e-18 1204.16
1800 550 2.47393e-18 917.878
1800 600 2.50454e-18 894.427
1800 650 2.53137e-18 873.212
1800 700 2.55557e-18 854.4
1800 750 2.57723e-18 838.153
1800 800 2.59654e-18 824.621
1800 850 2.61236e-18 813.941
1800 900 2.62444e-18 806.226
1800 950 2.63182e-18 801.561
1800 1000 2.63425e-18 800
1800 150 2.18571e-18 1167.26
1800 1050 2.63182e-18 801.561
1800 1100 2.62444e-18 806.226
1800 1150 2.61236e-18 813.941
1800 1200 2.59654e-18 824.621
1800 1250 2.57723e-18 838.153
1800 1300 2.55557e-18 854.4
1800 1350 2.53137e-18 873.212
1800 1400 2.50454e-18 894.427
1800 1450 2.47393e-18 917.878
1800 1500 2.44014e-18 943.398
1800 200 2.22071e-18 1131.37
1800 1550 2.40454e-18 970.824
1800 1600 2.36912e-18 1000
1800 1650 2.33361e-18 1030.78
1800 1700 2.29703e-18 1063.01
1800 1750 2.25863e-18 1096.59
1800 1800 2.22071e-18 1131.37
1800 1850 2.18571e-18 1167.26
1800 1900 2.15218e-18 1204.16
1800 250 2.25863e-18 1096.59
1800 300 2.29703e-18 1063.01
1800 350 2.33361e-18 1030.78
1800 400 2.36912e-18 1000
1800 450 2.40454e-18 970.824
1800 500 2.44014e-18 943.398
1850 50 2.10868e-18 1274.75
1850 100 2.12726e-18 1237.94
1850 550 2.41665e-18 961.769
1850 600 2.44526e-18 939.415
1850 650 2.47139e-18 919.239
1850 700 2.49439e-18 901.388
1850 750 2.51443e-18 886.002
1850 800 2.53085e-18 873.212
1850 850 2.54413e-18 863.134
1850 900 2.55365e-18 855.862
1850 950 2.55952e-18 851.469
1850 1000 2.56161e-18 850
1850 150 2.15613e-18 1202.08
1850 1050 2.55952e-18 851.469
1850 1100 2.55365e-18 855.862
1850 1150 2.54413e-18 863.134
1850 1200 2.53085e-18 873.212
1850 1250 2.51443e-18 886.002
1850 1300 2.49439e-18 901.388
1850 1350 2.47139e-18 919.239
1850 1400 2.44526e-18 939.415
1850 1450 2.41665e-18 961.769
1850 1500 2.38585e-18 986.154
1850 200 2.18571e-18 1167.26
1850 1550 2.35395e-18 1012.42
1850 1600 2.32128e-18 1040.43
1850 1650 2.28778e-18 1070.05
1850 1700 2.25357e-18 1101.14
1850 1750 2.2191e-18 1133.58
1850 1800 2.18571e-18 1167.26
1850 1850 2.15613e-18 1202.08
1850 1900 2.12726e-18 1237.94
1850 250 2.2191e-18 1133.58
1850 300 2.25357e-18 1101.14
1850 350 2.28778e-18 1070.05
1850 400 2.32128e-18 1040.43
1850 450 2.35395e-18 1012.42
1850 500 2.38585e-18 986.154
1900 50 2.12034e-18 1308.63
1900 100 2.11019e-18 1272.79
1900 550 2.36236e-18 1006.23
1900 600 2.3873e-18 984.886
1900 650 2.4105e-18 965.66
1900 700 2.43178e-18 948.683
1900 750 2.45034e-18 934.077
1900 800 2.46621e-18 921.954
1900 850 2.47854e-18 912.414
1900 900 2.48749e-18 905.539
1900 950 2.49292e-18 901.388
1900 1000 2.49463e-18 900
1900 150 2.12726e-18 1237.94
1900 1050 2.49292e-18 901.388
1900 1100 2.48749e-18 905.539
1900 1150 2.47854e-18 912.414
1900 1200 2.46621e-18 921.954
1900 1250 2.45034e-18 934.077
1900 1300 2.43178e-18 948.683
1900 1350 2.4105e-18 965.66
1900 1400 2.3873e-18 984.886
1900 1450 2.36236e-18 1006.23
1900 1500 2.33591e-18 1029.56
1900 200 2.15218e-18 1204.16
1900 1550 2.30742e-18 1054.75
1900 1600 2.27683e-18 1081.67
1900 1650 2.24487e-18 1110.18
1900 1700 2.21261e-18 1140.18
1900 1750 2.18163e-18 1171.54
1900 1800 2.15218e-18 1204.16
1900 1850 2.12726e-18 1237.94
1900 1900 2.11019e-18 1272.79
1900 250 2.18163e-18 1171.54
1900 300 2.21261e-18 1140.18
1900 350 2.24487e-18 1110.18
1900 400 2.27683e-18 1081.67
1900 450 2.30742e-18 1054.75
1900 500 2.33591e-18 1029.56
200 50 2.12632e-18 1241.97
200 100 2.15218e-18 1204.16
200 550 2.47393e-18 917.878
200 600 2.50454e-18 894.427
200 650 2.53137e-18 873.212
200 700 2.55557e-18 854.4
200 750 2.57723e-18 838.153
200 800 2.59654e-18 824.621
200 850 2.61236e-18 813.941
200 900 2.62444e-18 806.226
200 950 2.63182e-18 801.561
200 1000 2.63425e-18 800
200 150 2.18571e-18 1167.26
200 1050 2.63182e-18 801.561
200 1100 2.62444e-18 806.226
200 1150 2.61236e-18 813.941
200 1200 2.59654e-18 824.621
200 1250 2.57723e-18 838.153
200 1300 2.55557e-18 854.4
200 1350 2.53137e-18 873.212
200 1400 2.50454e-18 894.427
200 1450 2.47393e-18 917.878
200 1500 2.44014e-18 943.398
200 200 2.22071e-18 1131.37
200 1550 2.40454e-18 970.824
200 1600 2.36912e-18 1000
200 1650 2.33361e-18 1030.78
200 1700 2.29703e-18 1063.01
200 1750 2.25863e-18 1096.59
200 1800 2.22071e-18 1131.37
200 1850 2.18571e-18 1167.26
200 1900 2.15218e-18 1204.16
200 250 2.25863e-18 1096.59
200 300 2.29703e-18 1063.01
200 350 2.33361e-18 1030.78
200 400 2.36912e-18 1000
200 450 2.40454e-18 970.824
200 500 2.44014e-18 943.398
250 50 2.1506e-18 1210.37
250 100 2.18163e-18 1171.54
250 550 2.52957e-18 874.643
250 600 2.56163e-18 850
250 650 2.5922e-18 827.647
250 700 2.62161e-18 807.775
250 750 2.64986e-18 790.569
250 800 2.67527e-18 776.209
250 850 2.69671e-18 764.853
250 900 2.71262e-18 756.637
250 950 2.72257e-18 751.665
250 1000 2.72599e-18 750
250 150 2.2191e-18 1133.58
250 1050 2.72257e-18 751.665
250 1100 2.71262e-18 756.637
250 1150 2.69671e-18 764.853
250 1200 2.67527e-18 776.209
250 1250 2.64986e-18 790.569
250 1300 2.62161e-18 807.775
250 1350 2.5922e-18 827.647
250 1400 2.56163e-18 850
250 1450 2.52957e-18 874.643
250 1500 2.49468e-18 901.388
250 200 2.25863e-18 1096.59
250 1550 2.45747e-18 930.054
250 1600 2.41862e-18 960.469
250 1650 2.37906e-18 992.472
250 1700 2.33914e-18 1025.91
250 1750 2.29875e-18 1060.66
250 1800 2.25863e-18 1096.59
250 1850 2.2191e-18 1133.58
250 1900 2.18163e-18 1171.54
250 250 2.29875e-18 1060.66
250 300 2.33914e-18 1025.91
250 350 2.37906e-18 992.472
250 400 2.41862e-18 960.469
250 450 2.45747e-18 930.054
250 500 2.49468e-18 901.388
300 50 2.17603e-18 1180.04
300 100 2.21261e-18 1140.18
300 550 2.5857e-18 832.166
300 600 2.6246e-18 806.226
300 650 2.66385e-18 782.624
300 700 2.70286e-18 761.577
300 750 2.73917e-18 743.303
300 800 2.77084e-18 728.011
300 850 2.79593e-18 715.891
300 900 2.81406e-18 707.107
300 950 2.82482e-18 701.783
300 1000 2.82839e-18 700
300 150 2.25357e-18 1101.14
300 1050 2.82482e-18 701.783
300 1100 2.81406e-18 707.107
300 1150 2.79593e-18 715.891
300 1200 2.77084e-18 728.011
300 1250 2.73917e-18 743.303
300 1300 2.70286e-18 761.577
300 1350 2.66385e-18 782.624
300 1400 2.6246e-18 806.226
300 1450 2.5857e-18 832.166
300 1500 2.54769e-18 860.233
300 200 2.29703e-18 1063.01
300 1550 2.50899e-18 890.225
300 1600 2.46826e-18 921.954
300 1650 2.42546e-18 955.249
300 1700 2.38166e-18 989.949
300 1750 2.33914e-18 1025.91
300 1800 2.29703e-18 1063.01
300 1850 2.25357e-18 1101.14
300 1900 2.21261e-18 1140.18
300 250 2.33914e-18 1025.91
300 300 2.38166e-18 989.949
300 350 2.42546e-18 955.249
300 400 2.46826e-18 921.954
300 450 2.50899e-18 890.225
300 500 2.54769e-18 860.233
350 50 2.20351e-18 1151.09
350 100 2.24487e-18 1110.18
350 550 2.6501e-18 790.569
350 600 2.69943e-18 763.217
350 650 2.74998e-18 738.241
350 700 2.79609e-18 715.891
350 750 2.8353e-18 696.419
350 800 2.8676e-18 680.074
350 850 2.89398e-18 667.083
350 900 2.9141e-18 657.647
350 950 2.92703e-18 651.92
350 1000 2.93147e-18 650
350 150 2.28778e-18 1070.05
350 1050 2.92703e-18 651.92
350 1100 2.9141e-18 657.647
350 1150 2.89398e-18 667.083
350 1200 2.8676e-18 680.074
350 1250 2.8353e-18 696.419
350 1300 2.79609e-18 715.891
350 1350 2.74998e-18 738.241
350 1400 2.69943e-18 763.217
350 1450 2.6501e-18 790.569
350 1500 2.60343e-18 820.061
350 200 2.33361e-18 1030.78
350 1550 2.55897e-18 851.469
350 1600 2.51652e-18 884.59
350 1650 2.4725e-18 919.239
350 1700 2.42546e-18 955.249
350 1750 2.37906e-18 992.472
350 1800 2.33361e-18 1030.78
350 1850 2.28778e-18 1070.05
350 1900 2.24487e-18 1110.18
350 250 2.37906e-18 992.472
350 300 2.42546e-18 955.249
350 350 2.4725e-18 919.239
350 400 2.51652e-18 884.59
350 450 2.55897e-18 851.469
350 500 2.60343e-18 820.061
400 50 2.23187e-18 1123.61
400 100 2.27683e-18 1081.67
400 550 2.72573e-18 750
400 600 2.78502e-18 721.11
400 650 2.83926e-18 694.622
400 700 2.88666e-18 670.82
400 750 2.93098e-18 650
400 800 2.97522e-18 632.456
400 850 3.01671e-18 618.466
400 900 3.05031e-18 608.276
400 950 3.07182e-18 602.08
400 1000 3.07917e-18 600
400 150 2.32128e-18 1040.43
400 1050 3.07182e-18 602.08
400 1100 3.05031e-18 608.276
400 1150 3.01671e-18 618.466
400 1200 2.97522e-18 632.456
400 1250 2.93098e-18 650
400 1300 2.88666e-18 670.82
400 1350 2.83926e-18 694.622
400 1400 2.78502e-18 721.11
400 1450 2.72573e-18 750
400 1500 2.66701e-18 781.025
400 200 2.36912e-18 1000
400 1550 2.61227e-18 813.941
400 1600 2.56318e-18 848.528
400 1650 2.51652e-18 884.59
400 1700 2.46826e-18 921.954
400 1750 2.41862e-18 960.469
400 1800 2.36912e-18 1000
400 1850 2.32128e-18 1040.43
400 1900 2.27683e-18 1081.67
400 250 2.41862e-18 960.469
400 300 2.46826e-18 921.954
400 350 2.51652e-18 884.59
400 400 2.56318e-18 848.528
400 450 2.61227e-18 813.941
400 500 2.66701e-18 781.025
450 50 2.26031e-18 1097.72
450 100 2.30742e-18 1054.75
450 550 2.80687e-18 710.634
450 600 2.86759e-18 680.074
450 650 2.92689e-18 651.92
450 700 2.99257e-18 626.498
450 750 3.06411e-18 604.152
450 800 3.1324e-18 585.235
450 850 3.18749e-18 570.088
450 900 3.22534e-18 559.017
450 950 3.24634e-18 552.268
450 1000 3.25306e-18 550
450 150 2.35395e-18 1012.42
450 1050 3.24634e-18 552.268
450 1100 3.22534e-18 559.017
450 1150 3.18749e-18 570.088
450 1200 3.1324e-18 585.235
450 1250 3.06411e-18 604.152
450 1300 2.99257e-18 626.498
450 1350 2.92689e-18 651.92
450 1400 2.86759e-18 680.074
450 1450 2.80687e-18 710.634
450 1500 2.73945e-18 743.303
450 200 2.40454e-18 970.824
450 1550 2.67222e-18 777.817
450 1600 2.61227e-18 813.941
450 1650 2.55897e-18 851.469
450 1700 2.50899e-18 890.225
450 1750 2.45747e-18 930.054
450 1800 2.40454e-18 970.824
450 1850 2.35395e-18 1012.42
450 1900 2.30742e-18 1054.75
450 250 2.45747e-18 930.054
450 300 2.50899e-18 890.225
450 350 2.55897e-18 851.469
450 400 2.61227e-18 813.941
450 450 2.67222e-18 777.817
450 500 2.73945e-18 743.303
500 50 2.28747e-18 1073.55
500 100 2.33591e-18 1029.56
500 550 2.88282e-18 672.681
500 600 2.95485e-18 640.312
500 650 3.04298e-18 610.328
500 700 3.14049e-18 583.095
500 750 3.22529e-18 559.017
500 800 3.2832e-18 538.516
500 850 3.31586e-18 522.015
500 900 3.33275e-18 509.902
500 950 3.34104e-18 502.494
500 1000 3.34371e-18 500
500 150 2.38585e-18 986.154
500 1050 3.34104e-18 502.494
500 1100 3.33275e-18 509.902
500 1150 3.31586e-18 522.015
500 1200 3.2832e-18 538.516
500 1250 3.22529e-18 559.017
500 1300 3.14049e-18 583.095
500 1350 3.04298e-18 610.328
500 1400 2.95485e-18 640.312
500 1450 2.88282e-18 672.681
500 1500 2.81366e-18 707.107
500 200 2.44014e-18 943.398
500 1550 2.73945e-18 743.303
500 1600 2.66701e-18 781.025
500 1650 2.60343e-18 820.061
500 1700 2.54769e-18 860.233
500 1750 2.49468e-18 901.388
500 1800 2.44014e-18 943.398
500 1850 2.38585e-18 986.154
500 1900 2.33591e-18 1029.56
500 250 2.49468e-18 901.388
500 300 2.54769e-18 860.233
500 350 2.60343e-18 820.061
500 400 2.66701e-18 781.025
500 450 2.73945e-18 743.303
500 500 2.81366e-18 707.107
