50 50 458.234 1343.5
50 100 447.633 1308.63
50 550 359.952 1051.19
50 600 352.839 1030.78
50 650 346.447 1012.42
50 700 340.846 996.243
50 750 336.075 982.344
50 800 332.16 970.824
50 850 329.099 961.769
50 900 326.908 955.249
50 950 325.587 951.315
50 1000 325.148 950
50 150 436.424 1274.75
50 1050 325.587 951.315
50 1100 326.908 955.249
50 1150 329.099 961.769
50 1200 332.16 970.824
50 1250 336.075 982.344
50 1300 340.846 996.243
50 1350 346.447 1012.42
50 1400 352.839 1030.78
50 1450 359.952 1051.19
50 1500 367.684 1073.55
50 200 425.188 1241.97
50 1550 375.962 1097.72
50 1600 384.746 1123.61
50 1650 394.055 1151.09
50 1700 403.904 1180.04
50 1750 414.301 1210.37
50 1800 425.188 1241.97
50 1850 436.424 1274.75
50 1900 447.633 1308.63
50 250 414.301 1210.37
50 300 403.904 1180.04
50 350 394.055 1151.09
50 400 384.746 1123.61
50 450 375.962 1097.72
50 500 367.684 1073.55
550 50 359.952 1051.19
550 100 344.289 1006.23
550 550 217.745 636.396
550 600 205.178 602.08
550 650 194.342 570.088
550 700 185.15 540.833
550 750 176.992 514.782
550 800 169.612 492.443
550 850 163.36 474.342
550 900 158.629 460.977
550 950 155.67 452.769
550 1000 154.662 450
550 150 329.109 961.769
550 1050 155.67 452.769
550 1100 158.629 460.977
550 1150 163.36 474.342
550 1200 169.612 492.443
550 1250 176.992 514.782
550 1300 185.15 540.833
550 1350 194.342 570.088
550 1400 205.178 602.08
550 1450 217.745 636.396
550 1500 230.986 672.681
550 200 314.455 917.878
550 1550 243.867 710.634
550 1600 256.593 750
550 1650 270.082 790.569
550 1700 284.741 832.166
550 1750 299.744 874.643
550 1800 314.455 917.878
550 1850 329.109 961.769
550 1900 344.289 1006.23
550 250 299.744 874.643
550 300 284.741 832.166
550 350 270.082 790.569
550 400 256.593 750
550 450 243.867 710.634
550 500 230.986 672.681
600 50 352.839 1030.78
600 100 336.947 984.886
600 550 205.178 602.08
600 600 192.92 565.685
600 650 182.262 531.507
600 700 172.155 500
600 750 162.434 471.699
600 800 153.64 447.214
600 850 146.145 427.2
600 900 140.428 412.311
600 950 136.918 403.113
600 1000 135.746 400
600 150 321.648 939.415
600 1050 136.918 403.113
600 1100 140.428 412.311
600 1150 146.145 427.2
600 1200 153.64 447.214
600 1250 162.434 471.699
600 1300 172.155 500
600 1350 182.262 531.507
600 1400 192.92 565.685
600 1450 205.178 602.08
600 1500 219.2 640.312
600 200 306.544 894.427
600 1550 233.577 680.074
600 1600 247.275 721.11
600 1650 260.896 763.217
600 1700 275.53 806.226
600 1750 291.088 850
600 1800 306.544 894.427
600 1850 321.648 939.415
600 1900 336.947 984.886
600 250 291.088 850
600 300 275.53 806.226
600 350 260.896 763.217
600 400 247.275 721.11
600 450 233.577 680.074
600 500 219.2 640.312
650 50 346.447 1012.42
650 100 330.428 965.66
650 550 194.342 570.088
650 600 182.262 531.507
650 650 170.47 494.975
650 700 158.628 460.977
650 750 147.253 430.116
650 800 136.92 403.113
650 850 128.818 380.789
650 900 123.289 364.005
650 950 120.077 353.553
650 1000 119.018 350
650 150 314.923 919.239
650 1050 120.077 353.553
650 1100 123.289 364.005
650 1150 128.818 380.789
650 1200 136.92 403.113
650 1250 147.253 430.116
650 1300 158.628 460.977
650 1350 170.47 494.975
650 1400 182.262 531.507
650 1450 194.342 570.088
650 1500 208.133 610.328
650 200 299.25 873.212
650 1550 223.491 651.92
650 1600 238.555 694.622
650 1650 252.798 738.241
650 1700 267.369 782.624
650 1750 283.126 827.647
650 1800 299.25 873.212
650 1850 314.923 919.239
650 1900 330.428 965.66
650 250 283.126 827.647
650 300 267.369 782.624
650 350 252.798 738.241
650 400 238.555 694.622
650 450 223.491 651.92
650 500 208.133 610.328
700 50 340.846 996.243
700 100 324.736 948.683
700 550 185.15 540.833
700 600 172.155 500
700 650 158.628 460.977
700 700 145.023 424.264
700 750 132.252 390.512
700 800 122.211 360.555
700 850 114.806 335.41
700 900 109.357 316.228
700 950 105.709 304.138
700 1000 104.381 300
700 150 308.922 901.388
700 1050 105.709 304.138
700 1100 109.357 316.228
700 1150 114.806 335.41
700 1200 122.211 360.555
700 1250 132.252 390.512
700 1300 145.023 424.264
700 1350 158.628 460.977
700 1400 172.155 500
700 1450 185.15 540.833
700 1500 198.622 583.095
700 200 292.651 854.4
700 1550 214.065 626.498
700 1600 230.323 670.82
700 1650 245.584 715.891
700 1700 260.361 761.577
700 1750 276.073 807.775
700 1800 292.651 854.4
700 1850 308.922 901.388
700 1900 324.736 948.683
700 250 276.073 807.775
700 300 260.361 761.577
700 350 245.584 715.891
700 400 230.323 670.82
700 450 214.065 626.498
700 500 198.622 583.095
750 50 336.075 982.344
750 100 319.87 934.077
750 550 176.992 514.782
750 600 162.434 471.699
750 650 147.253 430.116
750 700 132.252 390.512
750 750 120.078 353.553
750 800 110.49 320.156
750 850 101.492 291.548
750 900 92.7773 269.258
750 950 87.0156 254.951
750 1000 85.1581 250
750 150 303.678 886.002
750 1050 87.0156 254.951
750 1100 92.7773 269.258
750 1150 101.492 291.548
750 1200 110.49 320.156
750 1250 120.078 353.553
750 1300 132.252 390.512
750 1350 147.253 430.116
750 1400 162.434 471.699
750 1450 176.992 514.782
750 1500 190.808 559.017
750 200 286.875 838.153
750 1550 205.912 604.152
750 1600 222.785 650
750 1650 239.153 696.419
750 1700 254.431 743.303
750 1750 270.085 790.569
750 1800 286.875 838.153
750 1850 303.678 886.002
750 1900 319.87 934.077
750 250 270.085 790.569
750 300 254.431 743.303
750 350 239.153 696.419
750 400 222.785 650
750 450 205.912 604.152
750 500 190.808 559.017
800 50 332.16 970.824
800 100 315.829 921.954
800 550 169.612 492.443
800 600 153.64 447.214
800 650 136.92 403.113
800 700 122.211 360.555
800 750 110.49 320.156
800 800 98.25 282.843
800 850 85.1587 250
800 900 76.7468 223.607
800 950 71.3002 206.155
800 1000 69.1056 200
800 150 299.252 873.212
800 1050 71.3002 206.155
800 1100 76.7468 223.607
800 1150 85.1587 250
800 1200 98.25 282.843
800 1250 110.49 320.156
800 1300 122.211 360.555
800 1350 136.92 403.113
800 1400 153.64 447.214
800 1450 169.612 492.443
800 1500 184.437 538.516
800 200 282.046 824.621
800 1550 199.343 585.235
800 1600 216.279 632.456
800 1650 233.573 680.074
800 1700 249.502 728.011
800 1750 265.209 776.209
800 1800 282.046 824.621
800 1850 299.252 873.212
800 1900 315.829 921.954
800 250 265.209 776.209
800 300 249.502 728.011
800 350 233.573 680.074
800 400 216.279 632.456
800 450 199.343 585.235
800 500 184.437 538.516
850 50 329.099 961.769
850 100 312.633 912.414
850 550 163.36 474.342
850 600 146.145 427.2
850 650 128.818 380.789
850 700 114.806 335.41
850 750 101.492 291.548
850 800 85.1587 250
850 850 73.2691 212.132
850 900 61.1003 180.278
850 950 52.2263 158.114
850 1000 49.4375 150
850 150 295.725 863.134
850 1050 52.2263 158.114
850 1100 61.1003 180.278
850 1150 73.2691 212.132
850 1200 85.1587 250
850 1250 101.492 291.548
850 1300 114.806 335.41
850 1350 128.818 380.789
850 1400 146.145 427.2
850 1450 163.36 474.342
850 1500 179.289 522.015
850 200 278.248 813.941
850 1550 194.34 570.088
850 1600 211.098 618.466
850 1650 228.998 667.083
850 1700 245.578 715.891
850 1750 261.432 764.853
850 1800 278.248 813.941
850 1850 295.725 863.134
850 1900 312.633 912.414
850 250 261.432 764.853
850 300 245.578 715.891
850 350 228.998 667.083
850 400 211.098 618.466
850 450 194.34 570.088
850 500 179.289 522.015
900 50 326.908 955.249
900 100 310.318 905.539
900 550 158.629 460.977
900 600 140.428 412.311
900 650 123.289 364.005
900 700 109.357 316.228
900 750 92.7773 269.258
900 800 76.7468 223.607
900 850 61.1003 180.278
900 900 46.7779 141.421
900 950 38.6974 111.803
900 1000 35.1515 100
900 150 293.16 855.862
900 1050 38.6974 111.803
900 1100 46.7779 141.421
900 1150 61.1003 180.278
900 1200 76.7468 223.607
900 1250 92.7773 269.258
900 1300 109.357 316.228
900 1350 123.289 364.005
900 1400 140.428 412.311
900 1450 158.629 460.977
900 1500 175.411 509.902
900 200 275.526 806.226
900 1550 190.808 559.017
900 1600 207.389 608.276
900 1650 225.59 657.647
900 1700 242.705 707.107
900 1750 258.741 756.637
900 1800 275.526 806.226
900 1850 293.16 855.862
900 1900 310.318 905.539
900 250 258.741 756.637
900 300 242.705 707.107
900 350 225.59 657.647
900 400 207.389 608.276
900 450 190.808 559.017
900 500 175.411 509.902
950 50 325.587 951.315
950 100 308.912 901.388
950 550 155.67 452.769
950 600 136.918 403.113
950 650 120.077 353.553
950 700 105.709 304.138
950 750 87.0156 254.951
950 800 71.3002 206.155
950 850 52.2263 158.114
950 900 38.6974 111.803
950 950 25.0688 70.7107
950 1000 18.234 50
950 150 291.603 851.469
950 1050 25.0688 70.7107
950 1100 38.6974 111.803
950 1150 52.2263 158.114
950 1200 71.3002 206.155
950 1250 87.0156 254.951
950 1300 105.709 304.138
950 1350 120.077 353.553
950 1400 136.918 403.113
950 1450 155.67 452.769
950 1500 172.982 502.494
950 200 273.891 801.561
950 1550 188.693 552.268
950 1600 205.176 602.08
950 1650 223.495 651.92
950 1700 240.947 701.783
950 1750 257.123 751.665
950 1800 273.891 801.561
950 1850 291.603 851.469
950 1900 308.912 901.388
950 250 257.123 751.665
950 300 240.947 701.783
950 350 223.495 651.92
950 400 205.176 602.08
950 450 188.693 552.268
950 500 172.982 502.494
1000 50 325.148 950
1000 100 308.443 900
1000 550 154.662 450
1000 600 135.746 400
1000 650 119.018 350
1000 700 104.381 300
1000 750 85.1581 250
1000 800 69.1056 200
1000 850 49.4375 150
1000 900 35.1515 100
1000 950 18.234 50
1000 150 291.084 850
1000 1050 18.234 50
1000 1100 35.1515 100
1000 1150 49.4375 150
1000 1200 69.1056 200
1000 1250 85.1581 250
1000 1300 104.381 300
1000 1350 119.018 350
1000 1400 135.746 400
1000 1450 154.662 450
1000 1500 172.155 500
1000 200 273.349 800
1000 1550 187.986 550
1000 1600 204.439 600
1000 1650 222.785 650
1000 1700 240.352 700
1000 1750 256.585 750
1000 1800 273.349 800
1000 1850 291.084 850
1000 1900 308.443 900
1000 250 256.585 750
1000 300 240.352 700
1000 350 222.785 650
1000 400 204.439 600
1000 450 187.986 550
1000 500 172.155 500
100 50 447.633 1308.63
100 100 435.724 1272.79
100 550 344.289 1006.23
100 600 336.947 984.886
100 650 330.428 965.66
100 700 324.736 948.683
100 750 319.87 934.077
100 800 315.829 921.954
100 850 312.633 912.414
100 900 310.318 905.539
100 950 308.912 901.388
100 1000 308.443 900
100 150 423.781 1237.94
100 1050 308.912 901.388
100 1100 310.318 905.539
100 1150 312.633 912.414
100 1200 315.829 921.954
100 1250 319.87 934.077
100 1300 324.736 948.683
100 1350 330.428 965.66
100 1400 336.947 984.886
100 1450 344.289 1006.23
100 1500 352.395 1029.56
100 200 412.157 1204.16
100 1550 361.145 1054.75
100 1600 370.423 1081.67
100 1650 380.144 1110.18
100 1700 390.321 1140.18
100 1750 400.988 1171.54
100 1800 412.157 1204.16
100 1850 423.781 1237.94
100 1900 435.724 1272.79
100 250 400.988 1171.54
100 300 390.321 1140.18
100 350 380.144 1110.18
100 400 370.423 1081.67
100 450 361.145 1054.75
100 500 352.395 1029.56
1050 50 325.587 951.315
1050 100 308.912 901.388
1050 550 155.67 452.769
1050 600 136.918 403.113
1050 650 120.077 353.553
1050 700 105.709 304.138
1050 750 87.0156 254.951
1050 800 71.3002 206.155
1050 850 52.2263 158.114
1050 900 38.6974 111.803
1050 950 25.0688 70.7107
1050 1000 18.234 50
1050 150 291.603 851.469
1050 1050 25.0688 70.7107
1050 1100 38.6974 111.803
1050 1150 52.2263 158.114
1050 1200 71.3002 206.155
1050 1250 87.0156 254.951
1050 1300 105.709 304.138
1050 1350 120.077 353.553
1050 1400 136.918 403.113
1050 1450 155.67 452.769
1050 1500 172.982 502.494
1050 200 273.891 801.561
1050 1550 188.693 552.268
1050 1600 205.176 602.08
1050 1650 223.495 651.92
1050 1700 240.947 701.783
1050 1750 257.123 751.665
1050 1800 273.891 801.561
1050 1850 291.603 851.469
1050 1900 308.912 901.388
1050 250 257.123 751.665
1050 300 240.947 701.783
1050 350 223.495 651.92
1050 400 205.176 602.08
1050 450 188.693 552.268
1050 500 172.982 502.494
1100 50 326.908 955.249
1100 100 310.318 905.539
1100 550 158.629 460.977
1100 600 140.428 412.311
1100 650 123.289 364.005
1100 700 109.357 316.228
1100 750 92.7773 269.258
1100 800 76.7468 223.607
1100 850 61.1003 180.278
1100 900 46.7779 141.421
1100 950 38.6974 111.803
1100 1000 35.1515 100
1100 150 293.16 855.862
1100 1050 38.6974 111.803
1100 1100 46.7779 141.421
1100 1150 61.1003 180.278
1100 1200 76.7468 223.607
1100 1250 92.7773 269.258
1100 1300 109.357 316.228
1100 1350 123.289 364.005
1100 1400 140.428 412.311
1100 1450 158.629 460.977
1100 1500 175.411 509.902
1100 200 275.526 806.226
1100 1550 190.808 559.017
1100 1600 207.389 608.276
1100 1650 225.59 657.647
1100 1700 242.705 707.107
1100 1750 258.741 756.637
1100 1800 275.526 806.226
1100 1850 293.16 855.862
1100 1900 310.318 905.539
1100 250 258.741 756.637
1100 300 242.705 707.107
1100 350 225.59 657.647
1100 400 207.389 608.276
1100 450 190.808 559.017
1100 500 175.411 509.902
1150 50 329.099 961.769
1150 100 312.633 912.414
1150 550 163.36 474.342
1150 600 146.145 427.2
1150 650 128.818 380.789
1150 700 114.806 335.41
1150 750 101.492 291.548
1150 800 85.1587 250
1150 850 73.2691 212.132
1150 900 61.1003 180.278
1150 950 52.2263 158.114
1150 1000 49.4375 150
1150 150 295.725 863.134
1150 1050 52.2263 158.114
1150 1100 61.1003 180.278
1150 1150 73.2691 212.132
1150 1200 85.1587 250
1150 1250 101.492 291.548
1150 1300 114.806 335.41
1150 1350 128.818 380.789
1150 1400 146.145 427.2
1150 1450 163.36 474.342
1150 1500 179.289 522.015
1150 200 278.248 813.941
1150 1550 194.34 570.088
1150 1600 211.098 618.466
1150 1650 228.998 667.083
1150 1700 245.578 715.891
1150 1750 261.432 764.853
1150 1800 278.248 813.941
1150 1850 295.725 863.134
1150 1900 312.633 912.414
1150 250 261.432 764.853
1150 300 245.578 715.891
1150 350 228.998 667.083
1150 400 211.098 618.466
1150 450 194.34 570.088
1150 500 179.289 522.015
1200 50 332.16 970.824
1200 100 315.829 921.954
1200 550 169.612 492.443
1200 600 153.64 447.214
1200 650 136.92 403.113
1200 700 122.211 360.555
1200 750 110.49 320.156
1200 800 98.25 282.843
1200 850 85.1587 250
1200 900 76.7468 223.607
1200 950 71.3002 206.155
1200 1000 69.1056 200
1200 150 299.252 873.212
1200 1050 71.3002 206.155
1200 1100 76.7468 223.607
1200 1150 85.1587 250
1200 1200 98.25 282.843
1200 1250 110.49 320.156
1200 1300 122.211 360.555
1200 1350 136.92 403.113
1200 1400 153.64 447.214
1200 1450 169.612 492.443
1200 1500 184.437 538.516
1200 200 282.046 824.621
1200 1550 199.343 585.235
1200 1600 216.279 632.456
1200 1650 233.573 680.074
1200 1700 249.502 728.011
1200 1750 265.209 776.209
1200 1800 282.046 824.621
1200 1850 299.252 873.212
1200 1900 315.829 921.954
1200 250 265.209 776.209
1200 300 249.502 728.011
1200 350 233.573 680.074
1200 400 216.279 632.456
1200 450 199.343 585.235
1200 500 184.437 538.516
1250 50 336.075 982.344
1250 100 319.87 934.077
1250 550 176.992 514.782
1250 600 162.434 471.699
1250 650 147.253 430.116
1250 700 132.252 390.512
1250 750 120.078 353.553
1250 800 110.49 320.156
1250 850 101.492 291.548
1250 900 92.7773 269.258
1250 950 87.0156 254.951
1250 1000 85.1581 250
1250 150 303.678 886.002
1250 1050 87.0156 254.951
1250 1100 92.7773 269.258
1250 1150 101.492 291.548
1250 1200 110.49 320.156
1250 1250 120.078 353.553
1250 1300 132.252 390.512
1250 1350 147.253 430.116
1250 1400 162.434 471.699
1250 1450 176.992 514.782
1250 1500 190.808 559.017
1250 200 286.875 838.153
1250 1550 205.912 604.152
1250 1600 222.785 650
1250 1650 239.153 696.419
1250 1700 254.431 743.303
1250 1750 270.085 790.569
1250 1800 286.875 838.153
1250 1850 303.678 886.002
1250 1900 319.87 934.077
1250 250 270.085 790.569
1250 300 254.431 743.303
1250 350 239.153 696.419
1250 400 222.785 650
1250 450 205.912 604.152
1250 500 190.808 559.017
1300 50 340.846 996.243
1300 100 324.736 948.683
1300 550 185.15 540.833
1300 600 172.155 500
1300 650 158.628 460.977
1300 700 145.023 424.264
1300 750 132.252 390.512
1300 800 122.211 360.555
1300 850 114.806 335.41
1300 900 109.357 316.228
1300 950 105.709 304.138
1300 1000 104.381 300
1300 150 308.922 901.388
1300 1050 105.709 304.138
1300 1100 109.357 316.228
1300 1150 114.806 335.41
1300 1200 122.211 360.555
1300 1250 132.252 390.512
1300 1300 145.023 424.264
1300 1350 158.628 460.977
1300 1400 172.155 500
1300 1450 185.15 540.833
1300 1500 198.622 583.095
1300 200 292.651 854.4
1300 1550 214.065 626.498
1300 1600 230.323 670.82
1300 1650 245.584 715.891
1300 1700 260.361 761.577
1300 1750 276.073 807.775
1300 1800 292.651 854.4
1300 1850 308.922 901.388
1300 1900 324.736 948.683
1300 250 276.073 807.775
1300 300 260.361 761.577
1300 350 245.584 715.891
1300 400 230.323 670.82
1300 450 214.065 626.498
1300 500 198.622 583.095
1350 50 346.447 1012.42
1350 100 330.428 965.66
1350 550 194.342 570.088
1350 600 182.262 531.507
1350 650 170.47 494.975
1350 700 158.628 460.977
1350 750 147.253 430.116
1350 800 136.92 403.113
1350 850 128.818 380.789
1350 900 123.289 364.005
1350 950 120.077 353.553
1350 1000 119.018 350
1350 150 314.923 919.239
1350 1050 120.077 353.553
1350 1100 123.289 364.005
1350 1150 128.818 380.789
1350 1200 136.92 403.113
1350 1250 147.253 430.116
1350 1300 158.628 460.977
1350 1350 170.47 494.975
1350 1400 182.262 531.507
1350 1450 194.342 570.088
1350 1500 208.133 610.328
1350 200 299.25 873.212
1350 1550 223.491 651.92
1350 1600 238.555 694.622
1350 1650 252.798 738.241
1350 1700 267.369 782.624
1350 1750 283.126 827.647
1350 1800 299.25 873.212
1350 1850 314.923 919.239
1350 1900 330.428 965.66
1350 250 283.126 827.647
1350 300 267.369 782.624
1350 350 252.798 738.241
1350 400 238.555 694.622
1350 450 223.491 651.92
1350 500 208.133 610.328
1400 50 352.839 1030.78
1400 100 336.947 984.886
1400 550 205.178 602.08
1400 600 192.92 565.685
1400 650 182.262 531.507
1400 700 172.155 500
1400 750 162.434 471.699
1400 800 153.64 447.214
1400 850 146.145 427.2
1400 900 140.428 412.311
1400 950 136.918 403.113
1400 1000 135.746 400
1400 150 321.648 939.415
1400 1050 136.918 403.113
1400 1100 140.428 412.311
1400 1150 146.145 427.2
1400 1200 153.64 447.214
1400 1250 162.434 471.699
1400 1300 172.155 500
1400 1350 182.262 531.507
1400 1400 192.92 565.685
1400 1450 205.178 602.08
1400 1500 219.2 640.312
1400 200 306.544 894.427
1400 1550 233.577 680.074
1400 1600 247.275 721.11
1400 1650 260.896 763.217
1400 1700 275.53 806.226
1400 1750 291.088 850
1400 1800 306.544 894.427
1400 1850 321.648 939.415
1400 1900 336.947 984.886
1400 250 291.088 850
1400 300 275.53 806.226
1400 350 260.896 763.217
1400 400 247.275 721.11
1400 450 233.577 680.074
1400 500 219.2 640.312
1450 50 359.952 1051.19
1450 100 344.289 1006.23
1450 550 217.745 636.396
1450 600 205.178 602.08
1450 650 194.342 570.088
1450 700 185.15 540.833
1450 750 176.992 514.782
1450 800 169.612 492.443
1450 850 163.36 474.342
1450 900 158.629 460.977
1450 950 155.67 452.769
1450 1000 154.662 450
1450 150 329.109 961.769
1450 1050 155.67 452.769
1450 1100 158.629 460.977
1450 1150 163.36 474.342
1450 1200 169.612 492.443
1450 1250 176.992 514.782
1450 1300 185.15 540.833
1450 1350 194.342 570.088
1450 1400 205.178 602.08
1450 1450 217.745 636.396
1450 1500 230.986 672.681
1450 200 314.455 917.878
1450 1550 243.867 710.634
1450 1600 256.593 750
1450 1650 270.082 790.569
1450 1700 284.741 832.166
1450 1750 299.744 874.643
1450 1800 314.455 917.878
1450 1850 329.109 961.769
1450 1900 344.289 1006.23
1450 250 299.744 874.643
1450 300 284.741 832.166
1450 350 270.082 790.569
1450 400 256.593 750
1450 450 243.867 710.634
1450 500 230.986 672.681
1500 50 367.684 1073.55
1500 100 352.395 1029.56
1500 550 230.986 672.681
1500 600 219.2 640.312
1500 650 208.133 610.328
1500 700 198.622 583.095
1500 750 190.808 559.017
1500 800 184.437 538.516
1500 850 179.289 522.015
1500 900 175.411 509.902
1500 950 172.982 502.494
1500 1000 172.155 500
1500 150 337.358 986.154
1500 1050 172.982 502.494
1500 1100 175.411 509.902
1500 1150 179.289 522.015
1500 1200 184.437 538.516
1500 1250 190.808 559.017
1500 1300 198.622 583.095
1500 1350 208.133 610.328
1500 1400 219.2 640.312
1500 1450 230.986 672.681
1500 1500 242.711 707.107
1500 200 322.968 943.398
1500 1550 254.427 743.303
1500 1600 266.825 781.025
1500 1650 280.428 820.061
1500 1700 294.703 860.233
1500 1750 308.914 901.388
1500 1800 322.968 943.398
1500 1850 337.358 986.154
1500 1900 352.395 1029.56
1500 250 308.914 901.388
1500 300 294.703 860.233
1500 350 280.428 820.061
1500 400 266.825 781.025
1500 450 254.427 743.303
1500 500 242.711 707.107
150 50 436.424 1274.75
150 100 423.781 1237.94
150 550 329.109 961.769
150 600 321.648 939.415
150 650 314.923 919.239
150 700 308.922 901.388
150 750 303.678 886.002
150 800 299.252 873.212
150 850 295.725 863.134
150 900 293.16 855.862
150 950 291.603 851.469
150 1000 291.084 850
150 150 411.457 1202.08
150 1050 291.603 851.469
150 1100 293.16 855.862
150 1150 295.725 863.134
150 1200 299.252 873.212
150 1250 303.678 886.002
150 1300 308.922 901.388
150 1350 314.923 919.239
150 1400 321.648 939.415
150 1450 329.109 961.769
150 1500 337.358 986.154
150 200 399.546 1167.26
150 1550 346.403 1012.42
150 1600 356.143 1040.43
150 1650 366.419 1070.05
150 1700 377.074 1101.14
150 1750 388.096 1133.58
150 1800 399.546 1167.26
150 1850 411.457 1202.08
150 1900 423.781 1237.94
150 250 388.096 1133.58
150 300 377.074 1101.14
150 350 366.419 1070.05
150 400 356.143 1040.43
150 450 346.403 1012.42
150 500 337.358 986.154
1550 50 375.962 1097.72
1550 100 361.145 1054.75
1550 550 243.867 710.634
1550 600 233.577 680.074
1550 650 223.491 651.92
1550 700 214.065 626.498
1550 750 205.912 604.152
1550 800 199.343 585.235
1550 850 194.34 570.088
1550 900 190.808 559.017
1550 950 188.693 552.268
1550 1000 187.986 550
1550 150 346.403 1012.42
1550 1050 188.693 552.268
1550 1100 190.808 559.017
1550 1150 194.34 570.088
1550 1200 199.343 585.235
1550 1250 205.912 604.152
1550 1300 214.065 626.498
1550 1350 223.491 651.92
1550 1400 233.577 680.074
1550 1450 243.867 710.634
1550 1500 254.427 743.303
1550 200 332.159 970.824
1550 1550 265.752 777.817
1550 1600 278.252 813.941
1550 1650 291.61 851.469
1550 1700 305.116 890.225
1550 1750 318.52 930.054
1550 1800 332.159 970.824
1550 1850 346.403 1012.42
1550 1900 361.145 1054.75
1550 250 318.52 930.054
1550 300 305.116 890.225
1550 350 291.61 851.469
1550 400 278.252 813.941
1550 450 265.752 777.817
1550 500 254.427 743.303
1600 50 384.746 1123.61
1600 100 370.423 1081.67
1600 550 256.593 750
1600 600 247.275 721.11
1600 650 238.555 694.622
1600 700 230.323 670.82
1600 750 222.785 650
1600 800 216.279 632.456
1600 850 211.098 618.466
1600 900 207.389 608.276
1600 950 205.176 602.08
1600 1000 204.439 600
1600 150 356.143 1040.43
1600 1050 205.176 602.08
1600 1100 207.389 608.276
1600 1150 211.098 618.466
1600 1200 216.279 632.456
1600 1250 222.785 650
1600 1300 230.323 670.82
1600 1350 238.555 694.622
1600 1400 247.275 721.11
1600 1450 256.593 750
1600 1500 266.825 781.025
1600 200 342.118 1000
1600 1550 278.252 813.941
1600 1600 290.562 848.528
1600 1650 303.184 884.59
1600 1700 315.826 921.954
1600 1750 328.668 960.469
1600 1800 342.118 1000
1600 1850 356.143 1040.43
1600 1900 370.423 1081.67
1600 250 328.668 960.469
1600 300 315.826 921.954
1600 350 303.184 884.59
1600 400 290.562 848.528
1600 450 278.252 813.941
1600 500 266.825 781.025
1650 50 394.055 1151.09
1650 100 380.144 1110.18
1650 550 270.082 790.569
1650 600 260.896 763.217
1650 650 252.798 738.241
1650 700 245.584 715.891
1650 750 239.153 696.419
1650 800 233.573 680.074
1650 850 228.998 667.083
1650 900 225.59 657.647
1650 950 223.495 651.92
1650 1000 222.785 650
1650 150 366.419 1070.05
1650 1050 223.495 651.92
1650 1100 225.59 657.647
1650 1150 228.998 667.083
1650 1200 233.573 680.074
1650 1250 239.153 696.419
1650 1300 245.584 715.891
1650 1350 252.798 738.241
1650 1400 260.896 763.217
1650 1450 270.082 790.569
1650 1500 280.428 820.061
1650 200 352.799 1030.78
1650 1550 291.61 851.469
1650 1600 303.184 884.59
1650 1650 314.918 919.239
1650 1700 326.921 955.249
1650 1750 339.527 992.472
1650 1800 352.799 1030.78
1650 1850 366.419 1070.05
1650 1900 380.144 1110.18
1650 250 339.527 992.472
1650 300 326.921 955.249
1650 350 314.918 919.239
1650 400 303.184 884.59
1650 450 291.61 851.469
1650 500 280.428 820.061
1700 50 403.904 1180.04
1700 100 390.321 1140.18
1700 550 284.741 832.166
1700 600 275.53 806.226
1700 650 267.369 782.624
1700 700 260.361 761.577
1700 750 254.431 743.303
1700 800 249.502 728.011
1700 850 245.578 715.891
1700 900 242.705 707.107
1700 950 240.947 701.783
1700 1000 240.352 700
1700 150 377.074 1101.14
1700 1050 240.947 701.783
1700 1100 242.705 707.107
1700 1150 245.578 715.891
1700 1200 249.502 728.011
1700 1250 254.431 743.303
1700 1300 260.361 761.577
1700 1350 267.369 782.624
1700 1400 275.53 806.226
1700 1450 284.741 832.166
1700 1500 294.703 860.233
1700 200 364.004 1063.01
1700 1550 305.116 890.225
1700 1600 315.826 921.954
1700 1650 326.921 955.249
1700 1700 338.657 989.949
1700 1750 351.107 1025.91
1700 1800 364.004 1063.01
1700 1850 377.074 1101.14
1700 1900 390.321 1140.18
1700 250 351.107 1025.91
1700 300 338.657 989.949
1700 350 326.921 955.249
1700 400 315.826 921.954
1700 450 305.116 890.225
1700 500 294.703 860.233
1750 50 414.301 1210.37
1750 100 400.988 1171.54
1750 550 299.744 874.643
1750 600 291.088 850
1750 650 283.126 827.647
1750 700 276.073 807.775
1750 750 270.085 790.569
1750 800 265.209 776.209
1750 850 261.432 764.853
1750 900 258.741 756.637
1750 950 257.123 751.665
1750 1000 256.585 750
1750 150 388.096 1133.58
1750 1050 257.123 751.665
1750 1100 258.741 756.637
1750 1150 261.432 764.853
1750 1200 265.209 776.209
1750 1250 270.085 790.569
1750 1300 276.073 807.775
1750 1350 283.126 827.647
1750 1400 291.088 850
1750 1450 299.744 874.643
1750 1500 308.914 901.388
1750 200 375.529 1096.59
1750 1550 318.52 930.054
1750 1600 328.668 960.469
1750 1650 339.527 992.472
1750 1700 351.107 1025.91
1750 1750 363.186 1060.66
1750 1800 375.529 1096.59
1750 1850 388.096 1133.58
1750 1900 400.988 1171.54
1750 250 363.186 1060.66
1750 300 351.107 1025.91
1750 350 339.527 992.472
1750 400 328.668 960.469
1750 450 318.52 930.054
1750 500 308.914 901.388
1800 50 425.188 1241.97
1800 100 412.157 1204.16
1800 550 314.455 917.878
1800 600 306.544 894.427
1800 650 299.25 873.212
1800 700 292.651 854.4
1800 750 286.875 838.153
1800 800 282.046 824.621
1800 850 278.248 813.941
1800 900 275.526 806.226
1800 950 273.891 801.561
1800 1000 273.349 800
1800 150 399.546 1167.26
1800 1050 273.891 801.561
1800 1100 275.526 806.226
1800 1150 278.248 813.941
1800 1200 282.046 824.621
1800 1250 286.875 838.153
1800 1300 292.651 854.4
1800 1350 299.25 873.212
1800 1400 306.544 894.427
1800 1450 314.455 917.878
1800 1500 322.968 943.398
1800 200 387.341 1131.37
1800 1550 332.159 970.824
1800 1600 342.118 1000
1800 1650 352.799 1030.78
1800 1700 364.004 1063.01
1800 1750 375.529 1096.59
1800 1800 387.341 1131.37
1800 1850 399.546 1167.26
1800 1900 412.157 1204.16
1800 250 375.529 1096.59
1800 300 364.004 1063.01
1800 350 352.799 1030.78
1800 400 342.118 1000
1800 450 332.159 970.824
1800 500 322.968 943.398
1850 50 436.424 1274.75
1850 100 423.781 1237.94
1850 550 329.109 961.769
1850 600 321.648 939.415
1850 650 314.923 919.239
1850 700 308.922 901.388
1850 750 303.678 886.002
1850 800 299.252 873.212
1850 850 295.725 863.134
1850 900 293.16 855.862
1850 950 291.603 851.469
1850 1000 291.084 850
1850 150 411.457 1202.08
1850 1050 291.603 851.469
1850 1100 293.16 855.862
1850 1150 295.725 863.134
1850 1200 299.252 873.212
1850 1250 303.678 886.002
1850 1300 308.922 901.388
1850 1350 314.923 919.239
1850 1400 321.648 939.415
1850 1450 329.109 961.769
1850 1500 337.358 986.154
1850 200 399.546 1167.26
1850 1550 346.403 1012.42
1850 1600 356.143 1040.43
1850 1650 366.419 1070.05
1850 1700 377.074 1101.14
1850 1750 388.096 1133.58
1850 1800 399.546 1167.26
1850 1850 411.457 1202.08
1850 1900 423.781 1237.94
1850 250 388.096 1133.58
1850 300 377.074 1101.14
1850 350 366.419 1070.05
1850 400 356.143 1040.43
1850 450 346.403 1012.42
1850 500 337.358 986.154
1900 50 447.633 1308.63
1900 100 435.724 1272.79
1900 550 344.289 1006.23
1900 600 336.947 984.886
1900 650 330.428 965.66
1900 700 324.736 948.683
1900 750 319.87 934.077
1900 800 315.829 921.954
1900 850 312.633 912.414
1900 900 310.318 905.539
1900 950 308.912 901.388
1900 1000 308.443 900
1900 150 423.781 1237.94
1900 1050 308.912 901.388
1900 1100 310.318 905.539
1900 1150 312.633 912.414
1900 1200 315.829 921.954
1900 1250 319.87 934.077
1900 1300 324.736 948.683
1900 1350 330.428 965.66
1900 1400 336.947 984.886
1900 1450 344.289 1006.23
1900 1500 352.395 1029.56
1900 200 412.157 1204.16
1900 1550 361.145 1054.75
1900 1600 370.423 1081.67
1900 1650 380.144 1110.18
1900 1700 390.321 1140.18
1900 1750 400.988 1171.54
1900 1800 412.157 1204.16
1900 1850 423.781 1237.94
1900 1900 435.724 1272.79
1900 250 400.988 1171.54
1900 300 390.321 1140.18
1900 350 380.144 1110.18
1900 400 370.423 1081.67
1900 450 361.145 1054.75
1900 500 352.395 1029.56
200 50 425.188 1241.97
200 100 412.157 1204.16
200 550 314.455 917.878
200 600 306.544 894.427
200 650 299.25 873.212
200 700 292.651 854.4
200 750 286.875 838.153
200 800 282.046 824.621
200 850 278.248 813.941
200 900 275.526 806.226
200 950 273.891 801.561
200 1000 273.349 800
200 150 399.546 1167.26
200 1050 273.891 801.561
200 1100 275.526 806.226
200 1150 278.248 813.941
200 1200 282.046 824.621
200 1250 286.875 838.153
200 1300 292.651 854.4
200 1350 299.25 873.212
200 1400 306.544 894.427
200 1450 314.455 917.878
200 1500 322.968 943.398
200 200 387.341 1131.37
200 1550 332.159 970.824
200 1600 342.118 1000
200 1650 352.799 1030.78
200 1700 364.004 1063.01
200 1750 375.529 1096.59
200 1800 387.341 1131.37
200 1850 399.546 1167.26
200 1900 412.157 1204.16
200 250 375.529 1096.59
200 300 364.004 1063.01
200 350 352.799 1030.78
200 400 342.118 1000
200 450 332.159 970.824
200 500 322.968 943.398
250 50 414.301 1210.37
250 100 400.988 1171.54
250 550 299.744 874.643
250 600 291.088 850
250 650 283.126 827.647
250 700 276.073 807.775
250 750 270.085 790.569
250 800 265.209 776.209
250 850 261.432 764.853
250 900 258.741 756.637
250 950 257.123 751.665
250 1000 256.585 750
250 150 388.096 1133.58
250 1050 257.123 751.665
250 1100 258.741 756.637
250 1150 261.432 764.853
250 1200 265.209 776.209
250 1250 270.085 790.569
250 1300 276.073 807.775
250 1350 283.126 827.647
250 1400 291.088 850
250 1450 299.744 874.643
250 1500 308.914 901.388
250 200 375.529 1096.59
250 1550 318.52 930.054
250 1600 328.668 960.469
250 1650 339.527 992.472
250 1700 351.107 1025.91
250 1750 363.186 1060.66
250 1800 375.529 1096.59
250 1850 388.096 1133.58
250 1900 400.988 1171.54
250 250 363.186 1060.66
250 300 351.107 1025.91
250 350 339.527 992.472
250 400 328.668 960.469
250 450 318.52 930.054
250 500 308.914 901.388
300 50 403.904 1180.04
300 100 390.321 1140.18
300 550 284.741 832.166
300 600 275.53 806.226
300 650 267.369 782.624
300 700 260.361 761.577
300 750 254.431 743.303
300 800 249.502 728.011
300 850 245.578 715.891
300 900 242.705 707.107
300 950 240.947 701.783
300 1000 240.352 700
300 150 377.074 1101.14
300 1050 240.947 701.783
300 1100 242.705 707.107
300 1150 245.578 715.891
300 1200 249.502 728.011
300 1250 254.431 743.303
300 1300 260.361 761.577
300 1350 267.369 782.624
300 1400 275.53 806.226
300 1450 284.741 832.166
300 1500 294.703 860.233
300 200 364.004 1063.01
300 1550 305.116 890.225
300 1600 315.826 921.954
300 1650 326.921 955.249
300 1700 338.657 989.949
300 1750 351.107 1025.91
300 1800 364.004 1063.01
300 1850 377.074 1101.14
300 1900 390.321 1140.18
300 250 351.107 1025.91
300 300 338.657 989.949
300 350 326.921 955.249
300 400 315.826 921.954
300 450 305.116 890.225
300 500 294.703 860.233
350 50 394.055 1151.09
350 100 380.144 1110.18
350 550 270.082 790.569
350 600 260.896 763.217
350 650 252.798 738.241
350 700 245.584 715.891
350 750 239.153 696.419
350 800 233.573 680.074
350 850 228.998 667.083
350 900 225.59 657.647
350 950 223.495 651.92
350 1000 222.785 650
350 150 366.419 1070.05
350 1050 223.495 651.92
350 1100 225.59 657.647
350 1150 228.998 667.083
350 1200 233.573 680.074
350 1250 239.153 696.419
350 1300 245.584 715.891
350 1350 252.798 738.241
350 1400 260.896 763.217
350 1450 270.082 790.569
350 1500 280.428 820.061
350 200 352.799 1030.78
350 1550 291.61 851.469
350 1600 303.184 884.59
350 1650 314.918 919.239
350 1700 326.921 955.249
350 1750 339.527 992.472
350 1800 352.799 1030.78
350 1850 366.419 1070.05
350 1900 380.144 1110.18
350 250 339.527 992.472
350 300 326.921 955.249
350 350 314.918 919.239
350 400 303.184 884.59
350 450 291.61 851.469
350 500 280.428 820.061
400 50 384.746 1123.61
400 100 370.423 1081.67
400 550 256.593 750
400 600 247.275 721.11
400 650 238.555 694.622
400 700 230.323 670.82
400 750 222.785 650
400 800 216.279 632.456
400 850 211.098 618.466
400 900 207.389 608.276
400 950 205.176 602.08
400 1000 204.439 600
400 150 356.143 1040.43
400 1050 205.176 602.08
400 1100 207.389 608.276
400 1150 211.098 618.466
400 1200 216.279 632.456
400 1250 222.785 650
400 1300 230.323 670.82
400 1350 238.555 694.622
400 1400 247.275 721.11
400 1450 256.593 750
400 1500 266.825 781.025
400 200 342.118 1000
400 1550 278.252 813.941
400 1600 290.562 848.528
400 1650 303.184 884.59
400 1700 315.826 921.954
400 1750 328.668 960.469
400 1800 342.118 1000
400 1850 356.143 1040.43
400 1900 370.423 1081.67
400 250 328.668 960.469
400 300 315.826 921.954
400 350 303.184 884.59
400 400 290.562 848.528
400 450 278.252 813.941
400 500 266.825 781.025
450 50 375.962 1097.72
450 100 361.145 1054.75
450 550 243.867 710.634
450 600 233.577 680.074
450 650 223.491 651.92
450 700 214.065 626.498
450 750 205.912 604.152
450 800 199.343 585.235
450 850 194.34 570.088
450 900 190.808 559.017
450 950 188.693 552.268
450 1000 187.986 550
450 150 346.403 1012.42
450 1050 188.693 552.268
450 1100 190.808 559.017
450 1150 194.34 570.088
450 1200 199.343 585.235
450 1250 205.912 604.152
450 1300 214.065 626.498
450 1350 223.491 651.92
450 1400 233.577 680.074
450 1450 243.867 710.634
450 1500 254.427 743.303
450 200 332.159 970.824
450 1550 265.752 777.817
450 1600 278.252 813.941
450 1650 291.61 851.469
450 1700 305.116 890.225
450 1750 318.52 930.054
450 1800 332.159 970.824
450 1850 346.403 1012.42
450 1900 361.145 1054.75
450 250 318.52 930.054
450 300 305.116 890.225
450 350 291.61 851.469
450 400 278.252 813.941
450 450 265.752 777.817
450 500 254.427 743.303
500 50 367.684 1073.55
500 100 352.395 1029.56
500 550 230.986 672.681
500 600 219.2 640.312
500 650 208.133 610.328
500 700 198.622 583.095
500 750 190.808 559.017
500 800 184.437 538.516
500 850 179.289 522.015
500 900 175.411 509.902
500 950 172.982 502.494
500 1000 172.155 500
500 150 337.358 986.154
500 1050 172.982 502.494
500 1100 175.411 509.902
500 1150 179.289 522.015
500 1200 184.437 538.516
500 1250 190.808 559.017
500 1300 198.622 583.095
500 1350 208.133 610.328
500 1400 219.2 640.312
500 1450 230.986 672.681
500 1500 242.711 707.107
500 200 322.968 943.398
500 1550 254.427 743.303
500 1600 266.825 781.025
500 1650 280.428 820.061
500 1700 294.703 860.233
500 1750 308.914 901.388
500 1800 322.968 943.398
500 1850 337.358 986.154
500 1900 352.395 1029.56
500 250 308.914 901.388
500 300 294.703 860.233
500 350 280.428 820.061
500 400 266.825 781.025
500 450 254.427 743.303
500 500 242.711 707.107
