50 50 2.76137e-17 1343.5
50 100 2.79829e-17 1308.63
50 550 3.12244e-17 1051.19
50 600 3.15275e-17 1030.78
50 650 3.18073e-17 1012.42
50 700 3.20618e-17 996.243
50 750 3.22852e-17 982.344
50 800 3.24775e-17 970.824
50 850 3.26306e-17 961.769
50 900 3.27426e-17 955.249
50 950 3.28094e-17 951.315
50 1000 3.28337e-17 950
50 150 2.83514e-17 1274.75
50 1050 3.28094e-17 951.315
50 1100 3.27426e-17 955.249
50 1150 3.26306e-17 961.769
50 1200 3.24775e-17 970.824
50 1250 3.22852e-17 982.344
50 1300 3.20618e-17 996.243
50 1350 3.18073e-17 1012.42
50 1400 3.15275e-17 1030.78
50 1450 3.12244e-17 1051.19
50 1500 3.08995e-17 1073.55
50 200 2.87211e-17 1241.97
50 1550 3.05589e-17 1097.72
50 1600 3.02028e-17 1123.61
50 1650 2.98369e-17 1151.09
50 1700 2.94642e-17 1180.04
50 1750 2.90915e-17 1210.37
50 1800 2.87211e-17 1241.97
50 1850 2.83514e-17 1274.75
50 1900 2.79829e-17 1308.63
50 250 2.90915e-17 1210.37
50 300 2.94642e-17 1180.04
50 350 2.98369e-17 1151.09
50 400 3.02028e-17 1123.61
50 450 3.05589e-17 1097.72
50 500 3.08995e-17 1073.55
550 50 3.12244e-17 1051.19
550 100 3.19025e-17 1006.23
550 550 4.01599e-17 636.396
550 600 4.12794e-17 602.08
550 650 4.23913e-17 570.088
550 700 4.34839e-17 540.833
550 750 4.45156e-17 514.782
550 800 4.54996e-17 492.443
550 850 4.63202e-17 474.342
550 900 4.69641e-17 460.977
550 950 4.739e-17 452.769
550 1000 4.75391e-17 450
550 150 3.26311e-17 961.769
550 1050 4.739e-17 452.769
550 1100 4.69641e-17 460.977
550 1150 4.63202e-17 474.342
550 1200 4.54996e-17 492.443
550 1250 4.45156e-17 514.782
550 1300 4.34839e-17 540.833
550 1350 4.23913e-17 570.088
550 1400 4.12794e-17 602.08
550 1450 4.01599e-17 636.396
550 1500 3.90679e-17 672.681
550 200 3.34098e-17 917.878
550 1550 3.79876e-17 710.634
550 1600 3.69725e-17 750
550 1650 3.59954e-17 790.569
550 1700 3.50926e-17 832.166
550 1750 3.42322e-17 874.643
550 1800 3.34098e-17 917.878
550 1850 3.26311e-17 961.769
550 1900 3.19025e-17 1006.23
550 250 3.42322e-17 874.643
550 300 3.50926e-17 832.166
550 350 3.59954e-17 790.569
550 400 3.69725e-17 750
550 450 3.79876e-17 710.634
550 500 3.90679e-17 672.681
600 50 3.15275e-17 1030.78
600 100 3.22456e-17 984.886
600 550 4.12794e-17 602.08
600 600 4.25498e-17 565.685
600 650 4.38429e-17 531.507
600 700 4.51599e-17 500
600 750 4.64459e-17 471.699
600 800 4.76922e-17 447.214
600 850 4.88202e-17 427.2
600 900 4.96974e-17 412.311
600 950 5.02797e-17 403.113
600 1000 5.04824e-17 400
600 150 3.30194e-17 939.415
600 1050 5.02797e-17 403.113
600 1100 4.96974e-17 412.311
600 1150 4.88202e-17 427.2
600 1200 4.76922e-17 447.214
600 1250 4.64459e-17 471.699
600 1300 4.51599e-17 500
600 1350 4.38429e-17 531.507
600 1400 4.25498e-17 565.685
600 1450 4.12794e-17 602.08
600 1500 4.00371e-17 640.312
600 200 3.38507e-17 894.427
600 1550 3.88528e-17 680.074
600 1600 3.77075e-17 721.11
600 1650 3.66437e-17 763.217
600 1700 3.56475e-17 806.226
600 1750 3.47225e-17 850
600 1800 3.38507e-17 894.427
600 1850 3.30194e-17 939.415
600 1900 3.22456e-17 984.886
600 250 3.47225e-17 850
600 300 3.56475e-17 806.226
600 350 3.66437e-17 763.217
600 400 3.77075e-17 721.11
600 450 3.88528e-17 680.074
600 500 4.00371e-17 640.312
650 50 3.18073e-17 1012.42
650 100 3.25651e-17 965.66
650 550 4.23913e-17 570.088
650 600 4.38429e-17 531.507
650 650 4.53881e-17 494.975
650 700 4.69656e-17 460.977
650 750 4.86544e-17 430.116
650 800 5.02807e-17 403.113
650 850 5.18356e-17 380.789
650 900 5.31028e-17 364.005
650 950 5.39128e-17 353.553
650 1000 5.42063e-17 350
650 150 3.33857e-17 919.239
650 1050 5.39128e-17 353.553
650 1100 5.31028e-17 364.005
650 1150 5.18356e-17 380.789
650 1200 5.02807e-17 403.113
650 1250 4.86544e-17 430.116
650 1300 4.69656e-17 460.977
650 1350 4.53881e-17 494.975
650 1400 4.38429e-17 531.507
650 1450 4.23913e-17 570.088
650 1500 4.10054e-17 610.328
650 200 3.42581e-17 873.212
650 1550 3.96807e-17 651.92
650 1600 3.84339e-17 694.622
650 1650 3.7268e-17 738.241
650 1700 3.61789e-17 782.624
650 1750 3.51889e-17 827.647
650 1800 3.42581e-17 873.212
650 1850 3.33857e-17 919.239
650 1900 3.25651e-17 965.66
650 250 3.51889e-17 827.647
650 300 3.61789e-17 782.624
650 350 3.7268e-17 738.241
650 400 3.84339e-17 694.622
650 450 3.96807e-17 651.92
650 500 4.10054e-17 610.328
700 50 3.20618e-17 996.243
700 100 3.28556e-17 948.683
700 550 4.34839e-17 540.833
700 600 4.51599e-17 500
700 650 4.69656e-17 460.977
700 700 4.89878e-17 424.264
700 750 5.11322e-17 390.512
700 800 5.33655e-17 360.555
700 850 5.54987e-17 335.41
700 900 5.73257e-17 316.228
700 950 5.84856e-17 304.138
700 1000 5.8916e-17 300
700 150 3.37182e-17 901.388
700 1050 5.84856e-17 304.138
700 1100 5.73257e-17 316.228
700 1150 5.54987e-17 335.41
700 1200 5.33655e-17 360.555
700 1250 5.11322e-17 390.512
700 1300 4.89878e-17 424.264
700 1350 4.69656e-17 460.977
700 1400 4.51599e-17 500
700 1450 4.34839e-17 540.833
700 1500 4.19282e-17 583.095
700 200 3.46333e-17 854.4
700 1550 4.04748e-17 626.498
700 1600 3.91212e-17 670.82
700 1650 3.78453e-17 715.891
700 1700 3.66814e-17 761.577
700 1750 3.56146e-17 807.775
700 1800 3.46333e-17 854.4
700 1850 3.37182e-17 901.388
700 1900 3.28556e-17 948.683
700 250 3.56146e-17 807.775
700 300 3.66814e-17 761.577
700 350 3.78453e-17 715.891
700 400 3.91212e-17 670.82
700 450 4.04748e-17 626.498
700 500 4.19282e-17 583.095
750 50 3.22852e-17 982.344
750 100 3.31145e-17 934.077
750 550 4.45156e-17 514.782
750 600 4.64459e-17 471.699
750 650 4.86544e-17 430.116
750 700 5.11322e-17 390.512
750 750 5.39143e-17 353.553
750 800 5.69537e-17 320.156
750 850 5.98521e-17 291.548
750 900 6.24324e-17 269.258
750 950 6.4175e-17 254.951
750 1000 6.48252e-17 250
750 150 3.4012e-17 886.002
750 1050 6.4175e-17 254.951
750 1100 6.24324e-17 269.258
750 1150 5.98521e-17 291.548
750 1200 5.69537e-17 320.156
750 1250 5.39143e-17 353.553
750 1300 5.11322e-17 390.512
750 1350 4.86544e-17 430.116
750 1400 4.64459e-17 471.699
750 1450 4.45156e-17 514.782
750 1500 4.27961e-17 559.017
750 200 3.49665e-17 838.153
750 1550 4.1207e-17 604.152
750 1600 3.97385e-17 650
750 1650 3.83826e-17 696.419
750 1700 3.71422e-17 743.303
750 1750 3.5993e-17 790.569
750 1800 3.49665e-17 838.153
750 1850 3.4012e-17 886.002
750 1900 3.31145e-17 934.077
750 250 3.5993e-17 790.569
750 300 3.71422e-17 743.303
750 350 3.83826e-17 696.419
750 400 3.97385e-17 650
750 450 4.1207e-17 604.152
750 500 4.27961e-17 559.017
800 50 3.24775e-17 970.824
800 100 3.33357e-17 921.954
800 550 4.54996e-17 492.443
800 600 4.76922e-17 447.214
800 650 5.02807e-17 403.113
800 700 5.33655e-17 360.555
800 750 5.69537e-17 320.156
800 800 6.08646e-17 282.843
800 850 6.48269e-17 250
800 900 6.8471e-17 223.607
800 950 7.11252e-17 206.155
800 1000 7.21122e-17 200
800 150 3.42585e-17 873.212
800 1050 7.11252e-17 206.155
800 1100 6.8471e-17 223.607
800 1150 6.48269e-17 250
800 1200 6.08646e-17 282.843
800 1250 5.69537e-17 320.156
800 1300 5.33655e-17 360.555
800 1350 5.02807e-17 403.113
800 1400 4.76922e-17 447.214
800 1450 4.54996e-17 492.443
800 1500 4.35718e-17 538.516
800 200 3.52508e-17 824.621
800 1550 4.18532e-17 585.235
800 1600 4.02837e-17 632.456
800 1650 3.8852e-17 680.074
800 1700 3.75283e-17 728.011
800 1750 3.63272e-17 776.209
800 1800 3.52508e-17 824.621
800 1850 3.42585e-17 873.212
800 1900 3.33357e-17 921.954
800 250 3.63272e-17 776.209
800 300 3.75283e-17 728.011
800 350 3.8852e-17 680.074
800 400 4.02837e-17 632.456
800 450 4.18532e-17 585.235
800 500 4.35718e-17 538.516
850 50 3.26306e-17 961.769
850 100 3.35118e-17 912.414
850 550 4.63202e-17 474.342
850 600 4.88202e-17 427.2
850 650 5.18356e-17 380.789
850 700 5.54987e-17 335.41
850 750 5.98521e-17 291.548
850 800 6.48269e-17 250
850 850 7.01921e-17 212.132
850 900 7.55215e-17 180.278
850 950 7.98409e-17 158.114
850 1000 8.15971e-17 150
850 150 3.44584e-17 863.134
850 1050 7.98409e-17 158.114
850 1100 7.55215e-17 180.278
850 1150 7.01921e-17 212.132
850 1200 6.48269e-17 250
850 1250 5.98521e-17 291.548
850 1300 5.54987e-17 335.41
850 1350 5.18356e-17 380.789
850 1400 4.88202e-17 427.2
850 1450 4.63202e-17 474.342
850 1500 4.42171e-17 522.015
850 200 3.548e-17 813.941
850 1550 4.23902e-17 570.088
850 1600 4.07372e-17 618.466
850 1650 3.92298e-17 667.083
850 1700 3.78443e-17 715.891
850 1750 3.66043e-17 764.853
850 1800 3.548e-17 813.941
850 1850 3.44584e-17 863.134
850 1900 3.35118e-17 912.414
850 250 3.66043e-17 764.853
850 300 3.78443e-17 715.891
850 350 3.92298e-17 667.083
850 400 4.07372e-17 618.466
850 450 4.23902e-17 570.088
850 500 4.42171e-17 522.015
900 50 3.27426e-17 955.249
900 100 3.36385e-17 905.539
900 550 4.69641e-17 460.977
900 600 4.96974e-17 412.311
900 650 5.31028e-17 364.005
900 700 5.73257e-17 316.228
900 750 6.24324e-17 269.258
900 800 6.8471e-17 223.607
900 850 7.55215e-17 180.278
900 900 8.34128e-17 141.421
900 950 9.19666e-17 111.803
900 1000 9.69612e-17 100
900 150 3.46042e-17 855.862
900 1050 9.19666e-17 111.803
900 1100 8.34128e-17 141.421
900 1150 7.55215e-17 180.278
900 1200 6.8471e-17 223.607
900 1250 6.24324e-17 269.258
900 1300 5.73257e-17 316.228
900 1350 5.31028e-17 364.005
900 1400 4.96974e-17 412.311
900 1450 4.69641e-17 460.977
900 1500 4.47224e-17 509.902
900 200 3.56476e-17 806.226
900 1550 4.27955e-17 559.017
900 1600 4.10695e-17 608.276
900 1650 3.95084e-17 657.647
900 1700 3.80824e-17 707.107
900 1750 3.68048e-17 756.637
900 1800 3.56476e-17 806.226
900 1850 3.46042e-17 855.862
900 1900 3.36385e-17 905.539
900 250 3.68048e-17 756.637
900 300 3.80824e-17 707.107
900 350 3.95084e-17 657.647
900 400 4.10695e-17 608.276
900 450 4.27955e-17 559.017
900 500 4.47224e-17 509.902
950 50 3.28094e-17 951.315
950 100 3.37179e-17 901.388
950 550 4.739e-17 452.769
950 600 5.02797e-17 403.113
950 650 5.39128e-17 353.553
950 700 5.84856e-17 304.138
950 750 6.4175e-17 254.951
950 800 7.11252e-17 206.155
950 850 7.98409e-17 158.114
950 900 9.19666e-17 111.803
950 950 1.11552e-16 70.7107
950 1000 1.27524e-16 50
950 150 3.46929e-17 851.469
950 1050 1.11552e-16 70.7107
950 1100 9.19666e-17 111.803
950 1150 7.98409e-17 158.114
950 1200 7.11252e-17 206.155
950 1250 6.4175e-17 254.951
950 1300 5.84856e-17 304.138
950 1350 5.39128e-17 353.553
950 1400 5.02797e-17 403.113
950 1450 4.739e-17 452.769
950 1500 4.50491e-17 502.494
950 200 3.57503e-17 801.561
950 1550 4.3051e-17 552.268
950 1600 4.12781e-17 602.08
950 1650 3.96798e-17 651.92
950 1700 3.8231e-17 701.783
950 1750 3.69281e-17 751.665
950 1800 3.57503e-17 801.561
950 1850 3.46929e-17 851.469
950 1900 3.37179e-17 901.388
950 250 3.69281e-17 751.665
950 300 3.8231e-17 701.783
950 350 3.96798e-17 651.92
950 400 4.12781e-17 602.08
950 450 4.3051e-17 552.268
950 500 4.50491e-17 502.494
1000 50 3.28337e-17 950
1000 100 3.37445e-17 900
1000 550 4.75391e-17 450
1000 600 5.04824e-17 400
1000 650 5.42063e-17 350
1000 700 5.8916e-17 300
1000 750 6.48252e-17 250
1000 800 7.21122e-17 200
1000 850 8.15971e-17 150
1000 900 9.69612e-17 100
1000 950 1.27524e-16 50
1000 150 3.47213e-17 850
1000 1050 1.27524e-16 50
1000 1100 9.69612e-17 100
1000 1150 8.15971e-17 150
1000 1200 7.21122e-17 200
1000 1250 6.48252e-17 250
1000 1300 5.8916e-17 300
1000 1350 5.42063e-17 350
1000 1400 5.04824e-17 400
1000 1450 4.75391e-17 450
1000 1500 4.51584e-17 500
1000 200 3.57847e-17 800
1000 1550 4.31343e-17 550
1000 1600 4.13477e-17 600
1000 1650 3.97381e-17 650
1000 1700 3.82809e-17 700
1000 1750 3.69699e-17 750
1000 1800 3.57847e-17 800
1000 1850 3.47213e-17 850
1000 1900 3.37445e-17 900
1000 250 3.69699e-17 750
1000 300 3.82809e-17 700
1000 350 3.97381e-17 650
1000 400 4.13477e-17 600
1000 450 4.31343e-17 550
1000 500 4.51584e-17 500
100 50 2.79829e-17 1308.63
100 100 2.83731e-17 1272.79
100 550 3.19025e-17 1006.23
100 600 3.22456e-17 984.886
100 650 3.25651e-17 965.66
100 700 3.28556e-17 948.683
100 750 3.31145e-17 934.077
100 800 3.33357e-17 921.954
100 850 3.35118e-17 912.414
100 900 3.36385e-17 905.539
100 950 3.37179e-17 901.388
100 1000 3.37445e-17 900
100 150 2.87673e-17 1237.94
100 1050 3.37179e-17 901.388
100 1100 3.36385e-17 905.539
100 1150 3.35118e-17 912.414
100 1200 3.33357e-17 921.954
100 1250 3.31145e-17 934.077
100 1300 3.28556e-17 948.683
100 1350 3.25651e-17 965.66
100 1400 3.22456e-17 984.886
100 1450 3.19025e-17 1006.23
100 1500 3.1545e-17 1029.56
100 200 2.91683e-17 1204.16
100 1550 3.11711e-17 1054.75
100 1600 3.07844e-17 1081.67
100 1650 3.03868e-17 1110.18
100 1700 2.99819e-17 1140.18
100 1750 2.95724e-17 1171.54
100 1800 2.91683e-17 1204.16
100 1850 2.87673e-17 1237.94
100 1900 2.83731e-17 1272.79
100 250 2.95724e-17 1171.54
100 300 2.99819e-17 1140.18
100 350 3.03868e-17 1110.18
100 400 3.07844e-17 1081.67
100 450 3.11711e-17 1054.75
100 500 3.1545e-17 1029.56
1050 50 3.28094e-17 951.315
1050 100 3.37179e-17 901.388
1050 550 4.739e-17 452.769
1050 600 5.02797e-17 403.113
1050 650 5.39128e-17 353.553
1050 700 5.84856e-17 304.138
1050 750 6.4175e-17 254.951
1050 800 7.11252e-17 206.155
1050 850 7.98409e-17 158.114
1050 900 9.19666e-17 111.803
1050 950 1.11552e-16 70.7107
1050 1000 1.27524e-16 50
1050 150 3.46929e-17 851.469
1050 1050 1.11552e-16 70.7107
1050 1100 9.19666e-17 111.803
1050 1150 7.98409e-17 158.114
1050 1200 7.11252e-17 206.155
1050 1250 6.4175e-17 254.951
1050 1300 5.84856e-17 304.138
1050 1350 5.39128e-17 353.553
1050 1400 5.02797e-17 403.113
1050 1450 4.739e-17 452.769
1050 1500 4.50491e-17 502.494
1050 200 3.57503e-17 801.561
1050 1550 4.3051e-17 552.268
1050 1600 4.12781e-17 602.08
1050 1650 3.96798e-17 651.92
1050 1700 3.8231e-17 701.783
1050 1750 3.69281e-17 751.665
1050 1800 3.57503e-17 801.561
1050 1850 3.46929e-17 851.469
1050 1900 3.37179e-17 901.388
1050 250 3.69281e-17 751.665
1050 300 3.8231e-17 701.783
1050 350 3.96798e-17 651.92
1050 400 4.12781e-17 602.08
1050 450 4.3051e-17 552.268
1050 500 4.50491e-17 502.494
1100 50 3.27426e-17 955.249
1100 100 3.36385e-17 905.539
1100 550 4.69641e-17 460.977
1100 600 4.96974e-17 412.311
1100 650 5.31028e-17 364.005
1100 700 5.73257e-17 316.228
1100 750 6.24324e-17 269.258
1100 800 6.8471e-17 223.607
1100 850 7.55215e-17 180.278
1100 900 8.34128e-17 141.421
1100 950 9.19666e-17 111.803
1100 1000 9.69612e-17 100
1100 150 3.46042e-17 855.862
1100 1050 9.19666e-17 111.803
1100 1100 8.34128e-17 141.421
1100 1150 7.55215e-17 180.278
1100 1200 6.8471e-17 223.607
1100 1250 6.24324e-17 269.258
1100 1300 5.73257e-17 316.228
1100 1350 5.31028e-17 364.005
1100 1400 4.96974e-17 412.311
1100 1450 4.69641e-17 460.977
1100 1500 4.47224e-17 509.902
1100 200 3.56476e-17 806.226
1100 1550 4.27955e-17 559.017
1100 1600 4.10695e-17 608.276
1100 1650 3.95084e-17 657.647
1100 1700 3.80824e-17 707.107
1100 1750 3.68048e-17 756.637
1100 1800 3.56476e-17 806.226
1100 1850 3.46042e-17 855.862
1100 1900 3.36385e-17 905.539
1100 250 3.68048e-17 756.637
1100 300 3.80824e-17 707.107
1100 350 3.95084e-17 657.647
1100 400 4.10695e-17 608.276
1100 450 4.27955e-17 559.017
1100 500 4.47224e-17 509.902
1150 50 3.26306e-17 961.769
1150 100 3.35118e-17 912.414
1150 550 4.63202e-17 474.342
1150 600 4.88202e-17 427.2
1150 650 5.18356e-17 380.789
1150 700 5.54987e-17 335.41
1150 750 5.98521e-17 291.548
1150 800 6.48269e-17 250
1150 850 7.01921e-17 212.132
1150 900 7.55215e-17 180.278
1150 950 7.98409e-17 158.114
1150 1000 8.15971e-17 150
1150 150 3.44584e-17 863.134
1150 1050 7.98409e-17 158.114
1150 1100 7.55215e-17 180.278
1150 1150 7.01921e-17 212.132
1150 1200 6.48269e-17 250
1150 1250 5.98521e-17 291.548
1150 1300 5.54987e-17 335.41
1150 1350 5.18356e-17 380.789
1150 1400 4.88202e-17 427.2
1150 1450 4.63202e-17 474.342
1150 1500 4.42171e-17 522.015
1150 200 3.548e-17 813.941
1150 1550 4.23902e-17 570.088
1150 1600 4.07372e-17 618.466
1150 1650 3.92298e-17 667.083
1150 1700 3.78443e-17 715.891
1150 1750 3.66043e-17 764.853
1150 1800 3.548e-17 813.941
1150 1850 3.44584e-17 863.134
1150 1900 3.35118e-17 912.414
1150 250 3.66043e-17 764.853
1150 300 3.78443e-17 715.891
1150 350 3.92298e-17 667.083
1150 400 4.07372e-17 618.466
1150 450 4.23902e-17 570.088
1150 500 4.42171e-17 522.015
1200 50 3.24775e-17 970.824
1200 100 3.33357e-17 921.954
1200 550 4.54996e-17 492.443
1200 600 4.76922e-17 447.214
1200 650 5.02807e-17 403.113
1200 700 5.33655e-17 360.555
1200 750 5.69537e-17 320.156
1200 800 6.08646e-17 282.843
1200 850 6.48269e-17 250
1200 900 6.8471e-17 223.607
1200 950 7.11252e-17 206.155
1200 1000 7.21122e-17 200
1200 150 3.42585e-17 873.212
1200 1050 7.11252e-17 206.155
1200 1100 6.8471e-17 223.607
1200 1150 6.48269e-17 250
1200 1200 6.08646e-17 282.843
1200 1250 5.69537e-17 320.156
1200 1300 5.33655e-17 360.555
1200 1350 5.02807e-17 403.113
1200 1400 4.76922e-17 447.214
1200 1450 4.54996e-17 492.443
1200 1500 4.35718e-17 538.516
1200 200 3.52508e-17 824.621
1200 1550 4.18532e-17 585.235
1200 1600 4.02837e-17 632.456
1200 1650 3.8852e-17 680.074
1200 1700 3.75283e-17 728.011
1200 1750 3.63272e-17 776.209
1200 1800 3.52508e-17 824.621
1200 1850 3.42585e-17 873.212
1200 1900 3.33357e-17 921.954
1200 250 3.63272e-17 776.209
1200 300 3.75283e-17 728.011
1200 350 3.8852e-17 680.074
1200 400 4.02837e-17 632.456
1200 450 4.18532e-17 585.235
1200 500 4.35718e-17 538.516
1250 50 3.22852e-17 982.344
1250 100 3.31145e-17 934.077
1250 550 4.45156e-17 514.782
1250 600 4.64459e-17 471.699
1250 650 4.86544e-17 430.116
1250 700 5.11322e-17 390.512
1250 750 5.39143e-17 353.553
1250 800 5.69537e-17 320.156
1250 850 5.98521e-17 291.548
1250 900 6.24324e-17 269.258
1250 950 6.4175e-17 254.951
1250 1000 6.48252e-17 250
1250 150 3.4012e-17 886.002
1250 1050 6.4175e-17 254.951
1250 1100 6.24324e-17 269.258
1250 1150 5.98521e-17 291.548
1250 1200 5.69537e-17 320.156
1250 1250 5.39143e-17 353.553
1250 1300 5.11322e-17 390.512
1250 1350 4.86544e-17 430.116
1250 1400 4.64459e-17 471.699
1250 1450 4.45156e-17 514.782
1250 1500 4.27961e-17 559.017
1250 200 3.49665e-17 838.153
1250 1550 4.1207e-17 604.152
1250 1600 3.97385e-17 650
1250 1650 3.83826e-17 696.419
1250 1700 3.71422e-17 743.303
1250 1750 3.5993e-17 790.569
1250 1800 3.49665e-17 838.153
1250 1850 3.4012e-17 886.002
1250 1900 3.31145e-17 934.077
1250 250 3.5993e-17 790.569
1250 300 3.71422e-17 743.303
1250 350 3.83826e-17 696.419
1250 400 3.97385e-17 650
1250 450 4.1207e-17 604.152
1250 500 4.27961e-17 559.017
1300 50 3.20618e-17 996.243
1300 100 3.28556e-17 948.683
1300 550 4.34839e-17 540.833
1300 600 4.51599e-17 500
1300 650 4.69656e-17 460.977
1300 700 4.89878e-17 424.264
1300 750 5.11322e-17 390.512
1300 800 5.33655e-17 360.555
1300 850 5.54987e-17 335.41
1300 900 5.73257e-17 316.228
1300 950 5.84856e-17 304.138
1300 1000 5.8916e-17 300
1300 150 3.37182e-17 901.388
1300 1050 5.84856e-17 304.138
1300 1100 5.73257e-17 316.228
1300 1150 5.54987e-17 335.41
1300 1200 5.33655e-17 360.555
1300 1250 5.11322e-17 390.512
1300 1300 4.89878e-17 424.264
1300 1350 4.69656e-17 460.977
1300 1400 4.51599e-17 500
1300 1450 4.34839e-17 540.833
1300 1500 4.19282e-17 583.095
1300 200 3.46333e-17 854.4
1300 1550 4.04748e-17 626.498
1300 1600 3.91212e-17 670.82
1300 1650 3.78453e-17 715.891
1300 1700 3.66814e-17 761.577
1300 1750 3.56146e-17 807.775
1300 1800 3.46333e-17 854.4
1300 1850 3.37182e-17 901.388
1300 1900 3.28556e-17 948.683
1300 250 3.56146e-17 807.775
1300 300 3.66814e-17 761.577
1300 350 3.78453e-17 715.891
1300 400 3.91212e-17 670.82
1300 450 4.04748e-17 626.498
1300 500 4.19282e-17 583.095
1350 50 3.18073e-17 1012.42
1350 100 3.25651e-17 965.66
1350 550 4.23913e-17 570.088
1350 600 4.38429e-17 531.507
1350 650 4.53881e-17 494.975
1350 700 4.69656e-17 460.977
1350 750 4.86544e-17 430.116
1350 800 5.02807e-17 403.113
1350 850 5.18356e-17 380.789
1350 900 5.31028e-17 364.005
1350 950 5.39128e-17 353.553
1350 1000 5.42063e-17 350
1350 150 3.33857e-17 919.239
1350 1050 5.39128e-17 353.553
1350 1100 5.31028e-17 364.005
1350 1150 5.18356e-17 380.789
1350 1200 5.02807e-17 403.113
1350 1250 4.86544e-17 430.116
1350 1300 4.69656e-17 460.977
1350 1350 4.53881e-17 494.975
1350 1400 4.38429e-17 531.507
1350 1450 4.23913e-17 570.088
1350 1500 4.10054e-17 610.328
1350 200 3.42581e-17 873.212
1350 1550 3.96807e-17 651.92
1350 1600 3.84339e-17 694.622
1350 1650 3.7268e-17 738.241
1350 1700 3.61789e-17 782.624
1350 1750 3.51889e-17 827.647
1350 1800 3.42581e-17 873.212
1350 1850 3.33857e-17 919.239
1350 1900 3.25651e-17 965.66
1350 250 3.51889e-17 827.647
1350 300 3.61789e-17 782.624
1350 350 3.7268e-17 738.241
1350 400 3.84339e-17 694.622
1350 450 3.96807e-17 651.92
1350 500 4.10054e-17 610.328
1400 50 3.15275e-17 1030.78
1400 100 3.22456e-17 984.886
1400 550 4.12794e-17 602.08
1400 600 4.25498e-17 565.685
1400 650 4.38429e-17 531.507
1400 700 4.51599e-17 500
1400 750 4.64459e-17 471.699
1400 800 4.76922e-17 447.214
1400 850 4.88202e-17 427.2
1400 900 4.96974e-17 412.311
1400 950 5.02797e-17 403.113
1400 1000 5.04824e-17 400
1400 150 3.30194e-17 939.415
1400 1050 5.02797e-17 403.113
1400 1100 4.96974e-17 412.311
1400 1150 4.88202e-17 427.2
1400 1200 4.76922e-17 447.214
1400 1250 4.64459e-17 471.699
1400 1300 4.51599e-17 500
1400 1350 4.38429e-17 531.507
1400 1400 4.25498e-17 565.685
1400 1450 4.12794e-17 602.08
1400 1500 4.00371e-17 640.312
1400 200 3.38507e-17 894.427
1400 1550 3.88528e-17 680.074
1400 1600 3.77075e-17 721.11
1400 1650 3.66437e-17 763.217
1400 1700 3.56475e-17 806.226
1400 1750 3.47225e-17 850
1400 1800 3.38507e-17 894.427
1400 1850 3.30194e-17 939.415
1400 1900 3.22456e-17 984.886
1400 250 3.47225e-17 850
1400 300 3.56475e-17 806.226
1400 350 3.66437e-17 763.217
1400 400 3.77075e-17 721.11
1400 450 3.88528e-17 680.074
1400 500 4.00371e-17 640.312
1450 50 3.12244e-17 1051.19
1450 100 3.19025e-17 1006.23
1450 550 4.01599e-17 636.396
1450 600 4.12794e-17 602.08
1450 650 4.23913e-17 570.088
1450 700 4.34839e-17 540.833
1450 750 4.45156e-17 514.782
1450 800 4.54996e-17 492.443
1450 850 4.63202e-17 474.342
1450 900 4.69641e-17 460.977
1450 950 4.739e-17 452.769
1450 1000 4.75391e-17 450
1450 150 3.26311e-17 961.769
1450 1050 4.739e-17 452.769
1450 1100 4.69641e-17 460.977
1450 1150 4.63202e-17 474.342
1450 1200 4.54996e-17 492.443
1450 1250 4.45156e-17 514.782
1450 1300 4.34839e-17 540.833
1450 1350 4.23913e-17 570.088
1450 1400 4.12794e-17 602.08
1450 1450 4.01599e-17 636.396
1450 1500 3.90679e-17 672.681
1450 200 3.34098e-17 917.878
1450 1550 3.79876e-17 710.634
1450 1600 3.69725e-17 750
1450 1650 3.59954e-17 790.569
1450 1700 3.50926e-17 832.166
1450 1750 3.42322e-17 874.643
1450 1800 3.34098e-17 917.878
1450 1850 3.26311e-17 961.769
1450 1900 3.19025e-17 1006.23
1450 250 3.42322e-17 874.643
1450 300 3.50926e-17 832.166
1450 350 3.59954e-17 790.569
1450 400 3.69725e-17 750
1450 450 3.79876e-17 710.634
1450 500 3.90679e-17 672.681
1500 50 3.08995e-17 1073.55
1500 100 3.1545e-17 1029.56
1500 550 3.90679e-17 672.681
1500 600 4.00371e-17 640.312
1500 650 4.10054e-17 610.328
1500 700 4.19282e-17 583.095
1500 750 4.27961e-17 559.017
1500 800 4.35718e-17 538.516
1500 850 4.42171e-17 522.015
1500 900 4.47224e-17 509.902
1500 950 4.50491e-17 502.494
1500 1000 4.51584e-17 500
1500 150 3.22236e-17 986.154
1500 1050 4.50491e-17 502.494
1500 1100 4.47224e-17 509.902
1500 1150 4.42171e-17 522.015
1500 1200 4.35718e-17 538.516
1500 1250 4.27961e-17 559.017
1500 1300 4.19282e-17 583.095
1500 1350 4.10054e-17 610.328
1500 1400 4.00371e-17 640.312
1500 1450 3.90679e-17 672.681
1500 1500 3.8084e-17 707.107
1500 200 3.29505e-17 943.398
1500 1550 3.71428e-17 743.303
1500 1600 3.6214e-17 781.025
1500 1650 3.53515e-17 820.061
1500 1700 3.45164e-17 860.233
1500 1750 3.3719e-17 901.388
1500 1800 3.29505e-17 943.398
1500 1850 3.22236e-17 986.154
1500 1900 3.1545e-17 1029.56
1500 250 3.3719e-17 901.388
1500 300 3.45164e-17 860.233
1500 350 3.53515e-17 820.061
1500 400 3.6214e-17 781.025
1500 450 3.71428e-17 743.303
1500 500 3.8084e-17 707.107
150 50 2.83514e-17 1274.75
150 100 2.87673e-17 1237.94
150 550 3.26311e-17 961.769
150 600 3.30194e-17 939.415
150 650 3.33857e-17 919.239
150 700 3.37182e-17 901.388
150 750 3.4012e-17 886.002
150 800 3.42585e-17 873.212
150 850 3.44584e-17 863.134
150 900 3.46042e-17 855.862
150 950 3.46929e-17 851.469
150 1000 3.47213e-17 850
150 150 2.91936e-17 1202.08
150 1050 3.46929e-17 851.469
150 1100 3.46042e-17 855.862
150 1150 3.44584e-17 863.134
150 1200 3.42585e-17 873.212
150 1250 3.4012e-17 886.002
150 1300 3.37182e-17 901.388
150 1350 3.33857e-17 919.239
150 1400 3.30194e-17 939.415
150 1450 3.26311e-17 961.769
150 1500 3.22236e-17 986.154
150 200 2.96271e-17 1167.26
150 1550 3.18082e-17 1012.42
150 1600 3.13831e-17 1040.43
150 1650 3.09506e-17 1070.05
150 1700 3.05112e-17 1101.14
150 1750 3.00701e-17 1133.58
150 1800 2.96271e-17 1167.26
150 1850 2.91936e-17 1202.08
150 1900 2.87673e-17 1237.94
150 250 3.00701e-17 1133.58
150 300 3.05112e-17 1101.14
150 350 3.09506e-17 1070.05
150 400 3.13831e-17 1040.43
150 450 3.18082e-17 1012.42
150 500 3.22236e-17 986.154
1550 50 3.05589e-17 1097.72
1550 100 3.11711e-17 1054.75
1550 550 3.79876e-17 710.634
1550 600 3.88528e-17 680.074
1550 650 3.96807e-17 651.92
1550 700 4.04748e-17 626.498
1550 750 4.1207e-17 604.152
1550 800 4.18532e-17 585.235
1550 850 4.23902e-17 570.088
1550 900 4.27955e-17 559.017
1550 950 4.3051e-17 552.268
1550 1000 4.31343e-17 550
1550 150 3.18082e-17 1012.42
1550 1050 4.3051e-17 552.268
1550 1100 4.27955e-17 559.017
1550 1150 4.23902e-17 570.088
1550 1200 4.18532e-17 585.235
1550 1250 4.1207e-17 604.152
1550 1300 4.04748e-17 626.498
1550 1350 3.96807e-17 651.92
1550 1400 3.88528e-17 680.074
1550 1450 3.79876e-17 710.634
1550 1500 3.71428e-17 743.303
1550 200 3.24785e-17 970.824
1550 1550 3.62894e-17 777.817
1550 1600 3.54816e-17 813.941
1550 1650 3.46934e-17 851.469
1550 1700 3.39313e-17 890.225
1550 1750 3.31893e-17 930.054
1550 1800 3.24785e-17 970.824
1550 1850 3.18082e-17 1012.42
1550 1900 3.11711e-17 1054.75
1550 250 3.31893e-17 930.054
1550 300 3.39313e-17 890.225
1550 350 3.46934e-17 851.469
1550 400 3.54816e-17 813.941
1550 450 3.62894e-17 777.817
1550 500 3.71428e-17 743.303
1600 50 3.02028e-17 1123.61
1600 100 3.07844e-17 1081.67
1600 550 3.69725e-17 750
1600 600 3.77075e-17 721.11
1600 650 3.84339e-17 694.622
1600 700 3.91212e-17 670.82
1600 750 3.97385e-17 650
1600 800 4.02837e-17 632.456
1600 850 4.07372e-17 618.466
1600 900 4.10695e-17 608.276
1600 950 4.12781e-17 602.08
1600 1000 4.13477e-17 600
1600 150 3.13831e-17 1040.43
1600 1050 4.12781e-17 602.08
1600 1100 4.10695e-17 608.276
1600 1150 4.07372e-17 618.466
1600 1200 4.02837e-17 632.456
1600 1250 3.97385e-17 650
1600 1300 3.91212e-17 670.82
1600 1350 3.84339e-17 694.622
1600 1400 3.77075e-17 721.11
1600 1450 3.69725e-17 750
1600 1500 3.6214e-17 781.025
1600 200 3.20027e-17 1000
1600 1550 3.54816e-17 813.941
1600 1600 3.47528e-17 848.528
1600 1650 3.40381e-17 884.59
1600 1700 3.3337e-17 921.954
1600 1750 3.26524e-17 960.469
1600 1800 3.20027e-17 1000
1600 1850 3.13831e-17 1040.43
1600 1900 3.07844e-17 1081.67
1600 250 3.26524e-17 960.469
1600 300 3.3337e-17 921.954
1600 350 3.40381e-17 884.59
1600 400 3.47528e-17 848.528
1600 450 3.54816e-17 813.941
1600 500 3.6214e-17 781.025
1650 50 2.98369e-17 1151.09
1650 100 3.03868e-17 1110.18
1650 550 3.59954e-17 790.569
1650 600 3.66437e-17 763.217
1650 650 3.7268e-17 738.241
1650 700 3.78453e-17 715.891
1650 750 3.83826e-17 696.419
1650 800 3.8852e-17 680.074
1650 850 3.92298e-17 667.083
1650 900 3.95084e-17 657.647
1650 950 3.96798e-17 651.92
1650 1000 3.97381e-17 650
1650 150 3.09506e-17 1070.05
1650 1050 3.96798e-17 651.92
1650 1100 3.95084e-17 657.647
1650 1150 3.92298e-17 667.083
1650 1200 3.8852e-17 680.074
1650 1250 3.83826e-17 696.419
1650 1300 3.78453e-17 715.891
1650 1350 3.7268e-17 738.241
1650 1400 3.66437e-17 763.217
1650 1450 3.59954e-17 790.569
1650 1500 3.53515e-17 820.061
1650 200 3.15274e-17 1030.78
1650 1550 3.46934e-17 851.469
1650 1600 3.40381e-17 884.59
1650 1650 3.33876e-17 919.239
1650 1700 3.2744e-17 955.249
1650 1750 3.21238e-17 992.472
1650 1800 3.15274e-17 1030.78
1650 1850 3.09506e-17 1070.05
1650 1900 3.03868e-17 1110.18
1650 250 3.21238e-17 992.472
1650 300 3.2744e-17 955.249
1650 350 3.33876e-17 919.239
1650 400 3.40381e-17 884.59
1650 450 3.46934e-17 851.469
1650 500 3.53515e-17 820.061
1700 50 2.94642e-17 1180.04
1700 100 2.99819e-17 1140.18
1700 550 3.50926e-17 832.166
1700 600 3.56475e-17 806.226
1700 650 3.61789e-17 782.624
1700 700 3.66814e-17 761.577
1700 750 3.71422e-17 743.303
1700 800 3.75283e-17 728.011
1700 850 3.78443e-17 715.891
1700 900 3.80824e-17 707.107
1700 950 3.8231e-17 701.783
1700 1000 3.82809e-17 700
1700 150 3.05112e-17 1101.14
1700 1050 3.8231e-17 701.783
1700 1100 3.80824e-17 707.107
1700 1150 3.78443e-17 715.891
1700 1200 3.75283e-17 728.011
1700 1250 3.71422e-17 743.303
1700 1300 3.66814e-17 761.577
1700 1350 3.61789e-17 782.624
1700 1400 3.56475e-17 806.226
1700 1450 3.50926e-17 832.166
1700 1500 3.45164e-17 860.233
1700 200 3.10529e-17 1063.01
1700 1550 3.39313e-17 890.225
1700 1600 3.3337e-17 921.954
1700 1650 3.2744e-17 955.249
1700 1700 3.21622e-17 989.949
1700 1750 3.16009e-17 1025.91
1700 1800 3.10529e-17 1063.01
1700 1850 3.05112e-17 1101.14
1700 1900 2.99819e-17 1140.18
1700 250 3.16009e-17 1025.91
1700 300 3.21622e-17 989.949
1700 350 3.2744e-17 955.249
1700 400 3.3337e-17 921.954
1700 450 3.39313e-17 890.225
1700 500 3.45164e-17 860.233
1750 50 2.90915e-17 1210.37
1750 100 2.95724e-17 1171.54
1750 550 3.42322e-17 874.643
1750 600 3.47225e-17 850
1750 650 3.51889e-17 827.647
1750 700 3.56146e-17 807.775
1750 750 3.5993e-17 790.569
1750 800 3.63272e-17 776.209
1750 850 3.66043e-17 764.853
1750 900 3.68048e-17 756.637
1750 950 3.69281e-17 751.665
1750 1000 3.69699e-17 750
1750 150 3.00701e-17 1133.58
1750 1050 3.69281e-17 751.665
1750 1100 3.68048e-17 756.637
1750 1150 3.66043e-17 764.853
1750 1200 3.63272e-17 776.209
1750 1250 3.5993e-17 790.569
1750 1300 3.56146e-17 807.775
1750 1350 3.51889e-17 827.647
1750 1400 3.47225e-17 850
1750 1450 3.42322e-17 874.643
1750 1500 3.3719e-17 901.388
1750 200 3.05762e-17 1096.59
1750 1550 3.31893e-17 930.054
1750 1600 3.26524e-17 960.469
1750 1650 3.21238e-17 992.472
1750 1700 3.16009e-17 1025.91
1750 1750 3.10854e-17 1060.66
1750 1800 3.05762e-17 1096.59
1750 1850 3.00701e-17 1133.58
1750 1900 2.95724e-17 1171.54
1750 250 3.10854e-17 1060.66
1750 300 3.16009e-17 1025.91
1750 350 3.21238e-17 992.472
1750 400 3.26524e-17 960.469
1750 450 3.31893e-17 930.054
1750 500 3.3719e-17 901.388
1800 50 2.87211e-17 1241.97
1800 100 2.91683e-17 1204.16
1800 550 3.34098e-17 917.878
1800 600 3.38507e-17 894.427
1800 650 3.42581e-17 873.212
1800 700 3.46333e-17 854.4
1800 750 3.49665e-17 838.153
1800 800 3.52508e-17 824.621
1800 850 3.548e-17 813.941
1800 900 3.56476e-17 806.226
1800 950 3.57503e-17 801.561
1800 1000 3.57847e-17 800
1800 150 2.96271e-17 1167.26
1800 1050 3.57503e-17 801.561
1800 1100 3.56476e-17 806.226
1800 1150 3.548e-17 813.941
1800 1200 3.52508e-17 824.621
1800 1250 3.49665e-17 838.153
1800 1300 3.46333e-17 854.4
1800 1350 3.42581e-17 873.212
1800 1400 3.38507e-17 894.427
1800 1450 3.34098e-17 917.878
1800 1500 3.29505e-17 943.398
1800 200 3.00997e-17 1131.37
1800 1550 3.24785e-17 970.824
1800 1600 3.20027e-17 1000
1800 1650 3.15274e-17 1030.78
1800 1700 3.10529e-17 1063.01
1800 1750 3.05762e-17 1096.59
1800 1800 3.00997e-17 1131.37
1800 1850 2.96271e-17 1167.26
1800 1900 2.91683e-17 1204.16
1800 250 3.05762e-17 1096.59
1800 300 3.10529e-17 1063.01
1800 350 3.15274e-17 1030.78
1800 400 3.20027e-17 1000
1800 450 3.24785e-17 970.824
1800 500 3.29505e-17 943.398
1850 50 2.83514e-17 1274.75
1850 100 2.87673e-17 1237.94
1850 550 3.26311e-17 961.769
1850 600 3.30194e-17 939.415
1850 650 3.33857e-17 919.239
1850 700 3.37182e-17 901.388
1850 750 3.4012e-17 886.002
1850 800 3.42585e-17 873.212
1850 850 3.44584e-17 863.134
1850 900 3.46042e-17 855.862
1850 950 3.46929e-17 851.469
1850 1000 3.47213e-17 850
1850 150 2.91936e-17 1202.08
1850 1050 3.46929e-17 851.469
1850 1100 3.46042e-17 855.862
1850 1150 3.44584e-17 863.134
1850 1200 3.42585e-17 873.212
1850 1250 3.4012e-17 886.002
1850 1300 3.37182e-17 901.388
1850 1350 3.33857e-17 919.239
1850 1400 3.30194e-17 939.415
1850 1450 3.26311e-17 961.769
1850 1500 3.22236e-17 986.154
1850 200 2.96271e-17 1167.26
1850 1550 3.18082e-17 1012.42
1850 1600 3.13831e-17 1040.43
1850 1650 3.09506e-17 1070.05
1850 1700 3.05112e-17 1101.14
1850 1750 3.00701e-17 1133.58
1850 1800 2.96271e-17 1167.26
1850 1850 2.91936e-17 1202.08
1850 1900 2.87673e-17 1237.94
1850 250 3.00701e-17 1133.58
1850 300 3.05112e-17 1101.14
1850 350 3.09506e-17 1070.05
1850 400 3.13831e-17 1040.43
1850 450 3.18082e-17 1012.42
1850 500 3.22236e-17 986.154
1900 50 2.79829e-17 1308.63
1900 100 2.83731e-17 1272.79
1900 550 3.19025e-17 1006.23
1900 600 3.22456e-17 984.886
1900 650 3.25651e-17 965.66
1900 700 3.28556e-17 948.683
1900 750 3.31145e-17 934.077
1900 800 3.33357e-17 921.954
1900 850 3.35118e-17 912.414
1900 900 3.36385e-17 905.539
1900 950 3.37179e-17 901.388
1900 1000 3.37445e-17 900
1900 150 2.87673e-17 1237.94
1900 1050 3.37179e-17 901.388
1900 1100 3.36385e-17 905.539
1900 1150 3.35118e-17 912.414
1900 1200 3.33357e-17 921.954
1900 1250 3.31145e-17 934.077
1900 1300 3.28556e-17 948.683
1900 1350 3.25651e-17 965.66
1900 1400 3.22456e-17 984.886
1900 1450 3.19025e-17 1006.23
1900 1500 3.1545e-17 1029.56
1900 200 2.91683e-17 1204.16
1900 1550 3.11711e-17 1054.75
1900 1600 3.07844e-17 1081.67
1900 1650 3.03868e-17 1110.18
1900 1700 2.99819e-17 1140.18
1900 1750 2.95724e-17 1171.54
1900 1800 2.91683e-17 1204.16
1900 1850 2.87673e-17 1237.94
1900 1900 2.83731e-17 1272.79
1900 250 2.95724e-17 1171.54
1900 300 2.99819e-17 1140.18
1900 350 3.03868e-17 1110.18
1900 400 3.07844e-17 1081.67
1900 450 3.11711e-17 1054.75
1900 500 3.1545e-17 1029.56
200 50 2.87211e-17 1241.97
200 100 2.91683e-17 1204.16
200 550 3.34098e-17 917.878
200 600 3.38507e-17 894.427
200 650 3.42581e-17 873.212
200 700 3.46333e-17 854.4
200 750 3.49665e-17 838.153
200 800 3.52508e-17 824.621
200 850 3.548e-17 813.941
200 900 3.56476e-17 806.226
200 950 3.57503e-17 801.561
200 1000 3.57847e-17 800
200 150 2.96271e-17 1167.26
200 1050 3.57503e-17 801.561
200 1100 3.56476e-17 806.226
200 1150 3.548e-17 813.941
200 1200 3.52508e-17 824.621
200 1250 3.49665e-17 838.153
200 1300 3.46333e-17 854.4
200 1350 3.42581e-17 873.212
200 1400 3.38507e-17 894.427
200 1450 3.34098e-17 917.878
200 1500 3.29505e-17 943.398
200 200 3.00997e-17 1131.37
200 1550 3.24785e-17 970.824
200 1600 3.20027e-17 1000
200 1650 3.15274e-17 1030.78
200 1700 3.10529e-17 1063.01
200 1750 3.05762e-17 1096.59
200 1800 3.00997e-17 1131.37
200 1850 2.96271e-17 1167.26
200 1900 2.91683e-17 1204.16
200 250 3.05762e-17 1096.59
200 300 3.10529e-17 1063.01
200 350 3.15274e-17 1030.78
200 400 3.20027e-17 1000
200 450 3.24785e-17 970.824
200 500 3.29505e-17 943.398
250 50 2.90915e-17 1210.37
250 100 2.95724e-17 1171.54
250 550 3.42322e-17 874.643
250 600 3.47225e-17 850
250 650 3.51889e-17 827.647
250 700 3.56146e-17 807.775
250 750 3.5993e-17 790.569
250 800 3.63272e-17 776.209
250 850 3.66043e-17 764.853
250 900 3.68048e-17 756.637
250 950 3.69281e-17 751.665
250 1000 3.69699e-17 750
250 150 3.00701e-17 1133.58
250 1050 3.69281e-17 751.665
250 1100 3.68048e-17 756.637
250 1150 3.66043e-17 764.853
250 1200 3.63272e-17 776.209
250 1250 3.5993e-17 790.569
250 1300 3.56146e-17 807.775
250 1350 3.51889e-17 827.647
250 1400 3.47225e-17 850
250 1450 3.42322e-17 874.643
250 1500 3.3719e-17 901.388
250 200 3.05762e-17 1096.59
250 1550 3.31893e-17 930.054
250 1600 3.26524e-17 960.469
250 1650 3.21238e-17 992.472
250 1700 3.16009e-17 1025.91
250 1750 3.10854e-17 1060.66
250 1800 3.05762e-17 1096.59
250 1850 3.00701e-17 1133.58
250 1900 2.95724e-17 1171.54
250 250 3.10854e-17 1060.66
250 300 3.16009e-17 1025.91
250 350 3.21238e-17 992.472
250 400 3.26524e-17 960.469
250 450 3.31893e-17 930.054
250 500 3.3719e-17 901.388
300 50 2.94642e-17 1180.04
300 100 2.99819e-17 1140.18
300 550 3.50926e-17 832.166
300 600 3.56475e-17 806.226
300 650 3.61789e-17 782.624
300 700 3.66814e-17 761.577
300 750 3.71422e-17 743.303
300 800 3.75283e-17 728.011
300 850 3.78443e-17 715.891
300 900 3.80824e-17 707.107
300 950 3.8231e-17 701.783
300 1000 3.82809e-17 700
300 150 3.05112e-17 1101.14
300 1050 3.8231e-17 701.783
300 1100 3.80824e-17 707.107
300 1150 3.78443e-17 715.891
300 1200 3.75283e-17 728.011
300 1250 3.71422e-17 743.303
300 1300 3.66814e-17 761.577
300 1350 3.61789e-17 782.624
300 1400 3.56475e-17 806.226
300 1450 3.50926e-17 832.166
300 1500 3.45164e-17 860.233
300 200 3.10529e-17 1063.01
300 1550 3.39313e-17 890.225
300 1600 3.3337e-17 921.954
300 1650 3.2744e-17 955.249
300 1700 3.21622e-17 989.949
300 1750 3.16009e-17 1025.91
300 1800 3.10529e-17 1063.01
300 1850 3.05112e-17 1101.14
300 1900 2.99819e-17 1140.18
300 250 3.16009e-17 1025.91
300 300 3.21622e-17 989.949
300 350 3.2744e-17 955.249
300 400 3.3337e-17 921.954
300 450 3.39313e-17 890.225
300 500 3.45164e-17 860.233
350 50 2.98369e-17 1151.09
350 100 3.03868e-17 1110.18
350 550 3.59954e-17 790.569
350 600 3.66437e-17 763.217
350 650 3.7268e-17 738.241
350 700 3.78453e-17 715.891
350 750 3.83826e-17 696.419
350 800 3.8852e-17 680.074
350 850 3.92298e-17 667.083
350 900 3.95084e-17 657.647
350 950 3.96798e-17 651.92
350 1000 3.97381e-17 650
350 150 3.09506e-17 1070.05
350 1050 3.96798e-17 651.92
350 1100 3.95084e-17 657.647
350 1150 3.92298e-17 667.083
350 1200 3.8852e-17 680.074
350 1250 3.83826e-17 696.419
350 1300 3.78453e-17 715.891
350 1350 3.7268e-17 738.241
350 1400 3.66437e-17 763.217
350 1450 3.59954e-17 790.569
350 1500 3.53515e-17 820.061
350 200 3.15274e-17 1030.78
350 1550 3.46934e-17 851.469
350 1600 3.40381e-17 884.59
350 1650 3.33876e-17 919.239
350 1700 3.2744e-17 955.249
350 1750 3.21238e-17 992.472
350 1800 3.15274e-17 1030.78
350 1850 3.09506e-17 1070.05
350 1900 3.03868e-17 1110.18
350 250 3.21238e-17 992.472
350 300 3.2744e-17 955.249
350 350 3.33876e-17 919.239
350 400 3.40381e-17 884.59
350 450 3.46934e-17 851.469
350 500 3.53515e-17 820.061
400 50 3.02028e-17 1123.61
400 100 3.07844e-17 1081.67
400 550 3.69725e-17 750
400 600 3.77075e-17 721.11
400 650 3.84339e-17 694.622
400 700 3.91212e-17 670.82
400 750 3.97385e-17 650
400 800 4.02837e-17 632.456
400 850 4.07372e-17 618.466
400 900 4.10695e-17 608.276
400 950 4.12781e-17 602.08
400 1000 4.13477e-17 600
400 150 3.13831e-17 1040.43
400 1050 4.12781e-17 602.08
400 1100 4.10695e-17 608.276
400 1150 4.07372e-17 618.466
400 1200 4.02837e-17 632.456
400 1250 3.97385e-17 650
400 1300 3.91212e-17 670.82
400 1350 3.84339e-17 694.622
400 1400 3.77075e-17 721.11
400 1450 3.69725e-17 750
400 1500 3.6214e-17 781.025
400 200 3.20027e-17 1000
400 1550 3.54816e-17 813.941
400 1600 3.47528e-17 848.528
400 1650 3.40381e-17 884.59
400 1700 3.3337e-17 921.954
400 1750 3.26524e-17 960.469
400 1800 3.20027e-17 1000
400 1850 3.13831e-17 1040.43
400 1900 3.07844e-17 1081.67
400 250 3.26524e-17 960.469
400 300 3.3337e-17 921.954
400 350 3.40381e-17 884.59
400 400 3.47528e-17 848.528
400 450 3.54816e-17 813.941
400 500 3.6214e-17 781.025
450 50 3.05589e-17 1097.72
450 100 3.11711e-17 1054.75
450 550 3.79876e-17 710.634
450 600 3.88528e-17 680.074
450 650 3.96807e-17 651.92
450 700 4.04748e-17 626.498
450 750 4.1207e-17 604.152
450 800 4.18532e-17 585.235
450 850 4.23902e-17 570.088
450 900 4.27955e-17 559.017
450 950 4.3051e-17 552.268
450 1000 4.31343e-17 550
450 150 3.18082e-17 1012.42
450 1050 4.3051e-17 552.268
450 1100 4.27955e-17 559.017
450 1150 4.23902e-17 570.088
450 1200 4.18532e-17 585.235
450 1250 4.1207e-17 604.152
450 1300 4.04748e-17 626.498
450 1350 3.96807e-17 651.92
450 1400 3.88528e-17 680.074
450 1450 3.79876e-17 710.634
450 1500 3.71428e-17 743.303
450 200 3.24785e-17 970.824
450 1550 3.62894e-17 777.817
450 1600 3.54816e-17 813.941
450 1650 3.46934e-17 851.469
450 1700 3.39313e-17 890.225
450 1750 3.31893e-17 930.054
450 1800 3.24785e-17 970.824
450 1850 3.18082e-17 1012.42
450 1900 3.11711e-17 1054.75
450 250 3.31893e-17 930.054
450 300 3.39313e-17 890.225
450 350 3.46934e-17 851.469
450 400 3.54816e-17 813.941
450 450 3.62894e-17 777.817
450 500 3.71428e-17 743.303
500 50 3.08995e-17 1073.55
500 100 3.1545e-17 1029.56
500 550 3.90679e-17 672.681
500 600 4.00371e-17 640.312
500 650 4.10054e-17 610.328
500 700 4.19282e-17 583.095
500 750 4.27961e-17 559.017
500 800 4.35718e-17 538.516
500 850 4.42171e-17 522.015
500 900 4.47224e-17 509.902
500 950 4.50491e-17 502.494
500 1000 4.51584e-17 500
500 150 3.22236e-17 986.154
500 1050 4.50491e-17 502.494
500 1100 4.47224e-17 509.902
500 1150 4.42171e-17 522.015
500 1200 4.35718e-17 538.516
500 1250 4.27961e-17 559.017
500 1300 4.19282e-17 583.095
500 1350 4.10054e-17 610.328
500 1400 4.00371e-17 640.312
500 1450 3.90679e-17 672.681
500 1500 3.8084e-17 707.107
500 200 3.29505e-17 943.398
500 1550 3.71428e-17 743.303
500 1600 3.6214e-17 781.025
500 1650 3.53515e-17 820.061
500 1700 3.45164e-17 860.233
500 1750 3.3719e-17 901.388
500 1800 3.29505e-17 943.398
500 1850 3.22236e-17 986.154
500 1900 3.1545e-17 1029.56
500 250 3.3719e-17 901.388
500 300 3.45164e-17 860.233
500 350 3.53515e-17 820.061
500 400 3.6214e-17 781.025
500 450 3.71428e-17 743.303
500 500 3.8084e-17 707.107
