50 50 418.472 1343.5
50 100 407.609 1308.63
50 550 327.421 1051.19
50 600 321.063 1030.78
50 650 315.346 1012.42
50 700 310.306 996.243
50 750 305.976 982.344
50 800 302.387 970.824
50 850 299.567 961.769
50 900 297.535 955.249
50 950 296.31 951.315
50 1000 295.901 950
50 150 397.06 1274.75
50 1050 296.31 951.315
50 1100 297.535 955.249
50 1150 299.567 961.769
50 1200 302.387 970.824
50 1250 305.976 982.344
50 1300 310.306 996.243
50 1350 315.346 1012.42
50 1400 321.063 1030.78
50 1450 327.421 1051.19
50 1500 334.384 1073.55
50 200 386.851 1241.97
50 1550 341.916 1097.72
50 1600 349.979 1123.61
50 1650 358.539 1151.09
50 1700 367.56 1180.04
50 1750 377.007 1210.37
50 1800 386.851 1241.97
50 1850 397.06 1274.75
50 1900 407.609 1308.63
50 250 377.007 1210.37
50 300 367.56 1180.04
50 350 358.539 1151.09
50 400 349.979 1123.61
50 450 341.916 1097.72
50 500 334.384 1073.55
550 50 327.421 1051.19
550 100 313.419 1006.23
550 550 198.207 636.396
550 600 187.522 602.08
550 650 177.566 570.088
550 700 168.466 540.833
550 750 160.366 514.782
550 800 153.418 492.443
550 850 147.787 474.342
550 900 143.627 460.977
550 950 141.072 452.769
550 1000 140.21 450
550 150 299.573 961.769
550 1050 141.072 452.769
550 1100 143.627 460.977
550 1150 147.787 474.342
550 1200 153.418 492.443
550 1250 160.366 514.782
550 1300 168.466 540.833
550 1350 177.566 570.088
550 1400 187.522 602.08
550 1450 198.207 636.396
550 1500 209.514 672.681
550 200 285.902 917.878
550 1550 221.339 710.634
550 1600 233.607 750
550 1650 246.248 790.569
550 1700 259.206 832.166
550 1750 272.438 874.643
550 1800 285.902 917.878
550 1850 299.573 961.769
550 1900 313.419 1006.23
550 250 272.438 874.643
550 300 259.206 832.166
550 350 246.248 790.569
550 400 233.607 750
550 450 221.339 710.634
550 500 209.514 672.681
600 50 321.063 1030.78
600 100 306.77 984.886
600 550 187.522 602.08
600 600 176.197 565.685
600 650 165.567 531.507
600 700 155.77 500
600 750 146.967 471.699
600 800 139.346 447.214
600 850 133.112 427.2
600 900 128.468 412.311
600 950 125.6 403.113
600 1000 124.629 400
600 150 292.609 939.415
600 1050 125.6 403.113
600 1100 128.468 412.311
600 1150 133.112 427.2
600 1200 139.346 447.214
600 1250 146.967 471.699
600 1300 155.77 500
600 1350 165.567 531.507
600 1400 176.197 565.685
600 1450 187.522 602.08
600 1500 199.427 640.312
600 200 278.597 894.427
600 1550 211.818 680.074
600 1600 224.604 721.11
600 1650 237.725 763.217
600 1700 251.124 806.226
600 1750 264.761 850
600 1800 278.597 894.427
600 1850 292.609 939.415
600 1900 306.77 984.886
600 250 264.761 850
600 300 251.124 806.226
600 350 237.725 763.217
600 400 224.604 721.11
600 450 211.818 680.074
600 500 199.427 640.312
650 50 315.346 1012.42
650 100 300.782 965.66
650 550 177.566 570.088
650 600 165.567 531.507
650 650 154.206 494.975
650 700 143.63 460.977
650 750 134.023 430.116
650 800 125.602 403.113
650 850 118.637 380.789
650 900 113.39 364.005
650 950 110.127 353.553
650 1000 109.018 350
650 150 286.325 919.239
650 1050 110.127 353.553
650 1100 113.39 364.005
650 1150 118.637 380.789
650 1200 125.602 403.113
650 1250 134.023 430.116
650 1300 143.63 460.977
650 1350 154.206 494.975
650 1400 165.567 531.507
650 1450 177.566 570.088
650 1500 190.089 610.328
650 200 271.99 873.212
650 1550 203.042 651.92
650 1600 216.35 694.622
650 1650 229.941 738.241
650 1700 243.771 782.624
650 1750 257.796 827.647
650 1800 271.99 873.212
650 1850 286.325 919.239
650 1900 300.782 965.66
650 250 257.796 827.647
650 300 243.771 782.624
650 350 229.941 738.241
650 400 216.35 694.622
650 450 203.042 651.92
650 500 190.089 610.328
700 50 310.306 996.243
700 100 295.493 948.683
700 550 168.466 540.833
700 600 155.77 500
700 650 143.63 460.977
700 700 132.199 424.264
700 750 121.675 390.512
700 800 112.314 360.555
700 850 104.458 335.41
700 900 98.4607 316.228
700 950 94.6785 304.138
700 1000 93.3843 300
700 150 280.763 901.388
700 1050 94.6785 304.138
700 1100 98.4607 316.228
700 1150 104.458 335.41
700 1200 112.314 360.555
700 1250 121.675 390.512
700 1300 132.199 424.264
700 1350 143.63 460.977
700 1400 155.77 500
700 1450 168.466 540.833
700 1500 181.613 583.095
700 200 266.13 854.4
700 1550 195.123 626.498
700 1600 208.933 670.82
700 1650 222.976 715.891
700 1700 237.212 761.577
700 1750 251.605 807.775
700 1800 266.13 854.4
700 1850 280.763 901.388
700 1900 295.493 948.683
700 250 251.605 807.775
700 300 237.212 761.577
700 350 222.976 715.891
700 400 208.933 670.82
700 450 195.123 626.498
700 500 181.613 583.095
750 50 305.976 982.344
750 100 290.944 934.077
750 550 160.366 514.782
750 600 146.967 471.699
750 650 134.023 430.116
750 700 121.675 390.512
750 750 110.13 353.553
750 800 99.6897 320.156
750 850 90.7453 291.548
750 900 83.7875 269.258
750 950 79.3151 254.951
750 1000 77.7728 250
750 150 275.971 886.002
750 1050 79.3151 254.951
750 1100 83.7875 269.258
750 1150 90.7453 291.548
750 1200 99.6897 320.156
750 1250 110.13 353.553
750 1300 121.675 390.512
750 1350 134.023 430.116
750 1400 146.967 471.699
750 1450 160.366 514.782
750 1500 174.12 559.017
750 200 261.067 838.153
750 1550 188.165 604.152
750 1600 202.443 650
750 1650 216.907 696.419
750 1700 231.517 743.303
750 1750 246.245 790.569
750 1800 261.067 838.153
750 1850 275.971 886.002
750 1900 290.944 934.077
750 250 246.245 790.569
750 300 231.517 743.303
750 350 216.907 696.419
750 400 202.443 650
750 450 188.165 604.152
750 500 174.12 559.017
800 50 302.387 970.824
800 100 287.168 921.954
800 550 153.418 492.443
800 600 139.346 447.214
800 650 125.602 403.113
800 700 112.314 360.555
800 750 99.6897 320.156
800 800 88.0312 282.843
800 850 77.775 250
800 900 69.5551 223.607
800 950 64.1299 206.155
800 1000 62.2167 200
800 150 271.987 873.212
800 1050 64.1299 206.155
800 1100 69.5551 223.607
800 1150 77.775 250
800 1200 88.0312 282.843
800 1250 99.6897 320.156
800 1300 112.314 360.555
800 1350 125.602 403.113
800 1400 139.346 447.214
800 1450 153.418 492.443
800 1500 167.743 538.516
800 200 256.851 824.621
800 1550 182.277 585.235
800 1600 196.976 632.456
800 1650 211.814 680.074
800 1700 226.752 728.011
800 1750 241.769 776.209
800 1800 256.851 824.621
800 1850 271.987 873.212
800 1900 287.168 921.954
800 250 241.769 776.209
800 300 226.752 728.011
800 350 211.814 680.074
800 400 196.976 632.456
800 450 182.277 585.235
800 500 167.743 538.516
850 50 299.567 961.769
850 100 284.196 912.414
850 550 147.787 474.342
850 600 133.112 427.2
850 650 118.637 380.789
850 700 104.458 335.41
850 750 90.7453 291.548
850 800 77.775 250
850 850 65.9876 212.132
850 900 56.09 180.278
850 950 49.2185 158.114
850 1000 46.7194 150
850 150 268.847 863.134
850 1050 49.2185 158.114
850 1100 56.09 180.278
850 1150 65.9876 212.132
850 1200 77.775 250
850 1250 90.7453 291.548
850 1300 104.458 335.41
850 1350 118.637 380.789
850 1400 133.112 427.2
850 1450 147.787 474.342
850 1500 162.614 522.015
850 200 253.523 813.941
850 1550 177.563 570.088
850 1600 192.619 618.466
850 1650 207.766 667.083
850 1700 222.973 715.891
850 1750 238.23 764.853
850 1800 253.523 813.941
850 1850 268.847 863.134
850 1900 284.196 912.414
850 250 238.23 764.853
850 300 222.973 715.891
850 350 207.766 667.083
850 400 192.619 618.466
850 450 177.563 570.088
850 500 162.614 522.015
900 50 297.535 955.249
900 100 282.053 905.539
900 550 143.627 460.977
900 600 128.468 412.311
900 650 113.39 364.005
900 700 98.4607 316.228
900 750 83.7875 269.258
900 800 69.5551 223.607
900 850 56.09 180.278
900 900 44.1031 141.421
900 950 34.9464 111.803
900 1000 31.2058 100
900 150 266.582 855.862
900 1050 34.9464 111.803
900 1100 44.1031 141.421
900 1150 56.09 180.278
900 1200 69.5551 223.607
900 1250 83.7875 269.258
900 1300 98.4607 316.228
900 1350 113.39 364.005
900 1400 128.468 412.311
900 1450 143.627 460.977
900 1500 158.846 509.902
900 200 251.119 806.226
900 1550 174.117 559.017
900 1600 189.447 608.276
900 1650 204.823 657.647
900 1700 220.235 707.107
900 1750 235.67 756.637
900 1800 251.119 806.226
900 1850 266.582 855.862
900 1900 282.053 905.539
900 250 235.67 756.637
900 300 220.235 707.107
900 350 204.823 657.647
900 400 189.447 608.276
900 450 174.117 559.017
900 500 158.846 509.902
950 50 296.31 951.315
950 100 280.76 901.388
950 550 141.072 452.769
950 600 125.6 403.113
950 650 110.127 353.553
950 700 94.6785 304.138
950 750 79.3151 254.951
950 800 64.1299 206.155
950 850 49.2185 158.114
950 900 34.9464 111.803
950 950 22.2476 70.7107
950 1000 16.0407 50
950 150 265.214 851.469
950 1050 22.2476 70.7107
950 1100 34.9464 111.803
950 1150 49.2185 158.114
950 1200 64.1299 206.155
950 1250 79.3151 254.951
950 1300 94.6785 304.138
950 1350 110.127 353.553
950 1400 125.6 403.113
950 1450 141.072 452.769
950 1500 156.541 502.494
950 200 249.665 801.561
950 1550 172.017 552.268
950 1600 187.517 602.08
950 1650 203.037 651.92
950 1700 218.576 701.783
950 1750 234.119 751.665
950 1800 249.665 801.561
950 1850 265.214 851.469
950 1900 280.76 901.388
950 250 234.119 751.665
950 300 218.576 701.783
950 350 203.037 651.92
950 400 187.517 602.08
950 450 172.017 552.268
950 500 156.541 502.494
1000 50 295.901 950
1000 100 280.328 900
1000 550 140.21 450
1000 600 124.629 400
1000 650 109.018 350
1000 700 93.3843 300
1000 750 77.7728 250
1000 800 62.2167 200
1000 850 46.7194 150
1000 900 31.2058 100
1000 950 16.0407 50
1000 150 264.756 850
1000 1050 16.0407 50
1000 1100 31.2058 100
1000 1150 46.7194 150
1000 1200 62.2167 200
1000 1250 77.7728 250
1000 1300 93.3843 300
1000 1350 109.018 350
1000 1400 124.629 400
1000 1450 140.21 450
1000 1500 155.765 500
1000 200 249.179 800
1000 1550 171.312 550
1000 1600 186.869 600
1000 1650 202.44 650
1000 1700 218.02 700
1000 1750 233.6 750
1000 1800 249.179 800
1000 1850 264.756 850
1000 1900 280.328 900
1000 250 233.6 750
1000 300 218.02 700
1000 350 202.44 650
1000 400 186.869 600
1000 450 171.312 550
1000 500 155.765 500
100 50 407.609 1308.63
100 100 396.45 1272.79
100 550 313.419 1006.23
100 600 306.77 984.886
100 650 300.782 965.66
100 700 295.493 948.683
100 750 290.944 934.077
100 800 287.168 921.954
100 850 284.196 912.414
100 900 282.053 905.539
100 950 280.76 901.388
100 1000 280.328 900
100 150 385.595 1237.94
100 1050 280.76 901.388
100 1100 282.053 905.539
100 1150 284.196 912.414
100 1200 287.168 921.954
100 1250 290.944 934.077
100 1300 295.493 948.683
100 1350 300.782 965.66
100 1400 306.77 984.886
100 1450 313.419 1006.23
100 1500 320.686 1029.56
100 200 375.072 1204.16
100 1550 328.531 1054.75
100 1600 336.914 1081.67
100 1650 345.796 1110.18
100 1700 355.141 1140.18
100 1750 364.911 1171.54
100 1800 375.072 1204.16
100 1850 385.595 1237.94
100 1900 396.45 1272.79
100 250 364.911 1171.54
100 300 355.141 1140.18
100 350 345.796 1110.18
100 400 336.914 1081.67
100 450 328.531 1054.75
100 500 320.686 1029.56
1050 50 296.31 951.315
1050 100 280.76 901.388
1050 550 141.072 452.769
1050 600 125.6 403.113
1050 650 110.127 353.553
1050 700 94.6785 304.138
1050 750 79.3151 254.951
1050 800 64.1299 206.155
1050 850 49.2185 158.114
1050 900 34.9464 111.803
1050 950 22.2476 70.7107
1050 1000 16.0407 50
1050 150 265.214 851.469
1050 1050 22.2476 70.7107
1050 1100 34.9464 111.803
1050 1150 49.2185 158.114
1050 1200 64.1299 206.155
1050 1250 79.3151 254.951
1050 1300 94.6785 304.138
1050 1350 110.127 353.553
1050 1400 125.6 403.113
1050 1450 141.072 452.769
1050 1500 156.541 502.494
1050 200 249.665 801.561
1050 1550 172.017 552.268
1050 1600 187.517 602.08
1050 1650 203.037 651.92
1050 1700 218.576 701.783
1050 1750 234.119 751.665
1050 1800 249.665 801.561
1050 1850 265.214 851.469
1050 1900 280.76 901.388
1050 250 234.119 751.665
1050 300 218.576 701.783
1050 350 203.037 651.92
1050 400 187.517 602.08
1050 450 172.017 552.268
1050 500 156.541 502.494
1100 50 297.535 955.249
1100 100 282.053 905.539
1100 550 143.627 460.977
1100 600 128.468 412.311
1100 650 113.39 364.005
1100 700 98.4607 316.228
1100 750 83.7875 269.258
1100 800 69.5551 223.607
1100 850 56.09 180.278
1100 900 44.1031 141.421
1100 950 34.9464 111.803
1100 1000 31.2058 100
1100 150 266.582 855.862
1100 1050 34.9464 111.803
1100 1100 44.1031 141.421
1100 1150 56.09 180.278
1100 1200 69.5551 223.607
1100 1250 83.7875 269.258
1100 1300 98.4607 316.228
1100 1350 113.39 364.005
1100 1400 128.468 412.311
1100 1450 143.627 460.977
1100 1500 158.846 509.902
1100 200 251.119 806.226
1100 1550 174.117 559.017
1100 1600 189.447 608.276
1100 1650 204.823 657.647
1100 1700 220.235 707.107
1100 1750 235.67 756.637
1100 1800 251.119 806.226
1100 1850 266.582 855.862
1100 1900 282.053 905.539
1100 250 235.67 756.637
1100 300 220.235 707.107
1100 350 204.823 657.647
1100 400 189.447 608.276
1100 450 174.117 559.017
1100 500 158.846 509.902
1150 50 299.567 961.769
1150 100 284.196 912.414
1150 550 147.787 474.342
1150 600 133.112 427.2
1150 650 118.637 380.789
1150 700 104.458 335.41
1150 750 90.7453 291.548
1150 800 77.775 250
1150 850 65.9876 212.132
1150 900 56.09 180.278
1150 950 49.2185 158.114
1150 1000 46.7194 150
1150 150 268.847 863.134
1150 1050 49.2185 158.114
1150 1100 56.09 180.278
1150 1150 65.9876 212.132
1150 1200 77.775 250
1150 1250 90.7453 291.548
1150 1300 104.458 335.41
1150 1350 118.637 380.789
1150 1400 133.112 427.2
1150 1450 147.787 474.342
1150 1500 162.614 522.015
1150 200 253.523 813.941
1150 1550 177.563 570.088
1150 1600 192.619 618.466
1150 1650 207.766 667.083
1150 1700 222.973 715.891
1150 1750 238.23 764.853
1150 1800 253.523 813.941
1150 1850 268.847 863.134
1150 1900 284.196 912.414
1150 250 238.23 764.853
1150 300 222.973 715.891
1150 350 207.766 667.083
1150 400 192.619 618.466
1150 450 177.563 570.088
1150 500 162.614 522.015
1200 50 302.387 970.824
1200 100 287.168 921.954
1200 550 153.418 492.443
1200 600 139.346 447.214
1200 650 125.602 403.113
1200 700 112.314 360.555
1200 750 99.6897 320.156
1200 800 88.0312 282.843
1200 850 77.775 250
1200 900 69.5551 223.607
1200 950 64.1299 206.155
1200 1000 62.2167 200
1200 150 271.987 873.212
1200 1050 64.1299 206.155
1200 1100 69.5551 223.607
1200 1150 77.775 250
1200 1200 88.0312 282.843
1200 1250 99.6897 320.156
1200 1300 112.314 360.555
1200 1350 125.602 403.113
1200 1400 139.346 447.214
1200 1450 153.418 492.443
1200 1500 167.743 538.516
1200 200 256.851 824.621
1200 1550 182.277 585.235
1200 1600 196.976 632.456
1200 1650 211.814 680.074
1200 1700 226.752 728.011
1200 1750 241.769 776.209
1200 1800 256.851 824.621
1200 1850 271.987 873.212
1200 1900 287.168 921.954
1200 250 241.769 776.209
1200 300 226.752 728.011
1200 350 211.814 680.074
1200 400 196.976 632.456
1200 450 182.277 585.235
1200 500 167.743 538.516
1250 50 305.976 982.344
1250 100 290.944 934.077
1250 550 160.366 514.782
1250 600 146.967 471.699
1250 650 134.023 430.116
1250 700 121.675 390.512
1250 750 110.13 353.553
1250 800 99.6897 320.156
1250 850 90.7453 291.548
1250 900 83.7875 269.258
1250 950 79.3151 254.951
1250 1000 77.7728 250
1250 150 275.971 886.002
1250 1050 79.3151 254.951
1250 1100 83.7875 269.258
1250 1150 90.7453 291.548
1250 1200 99.6897 320.156
1250 1250 110.13 353.553
1250 1300 121.675 390.512
1250 1350 134.023 430.116
1250 1400 146.967 471.699
1250 1450 160.366 514.782
1250 1500 174.12 559.017
1250 200 261.067 838.153
1250 1550 188.165 604.152
1250 1600 202.443 650
1250 1650 216.907 696.419
1250 1700 231.517 743.303
1250 1750 246.245 790.569
1250 1800 261.067 838.153
1250 1850 275.971 886.002
1250 1900 290.944 934.077
1250 250 246.245 790.569
1250 300 231.517 743.303
1250 350 216.907 696.419
1250 400 202.443 650
1250 450 188.165 604.152
1250 500 174.12 559.017
1300 50 310.306 996.243
1300 100 295.493 948.683
1300 550 168.466 540.833
1300 600 155.77 500
1300 650 143.63 460.977
1300 700 132.199 424.264
1300 750 121.675 390.512
1300 800 112.314 360.555
1300 850 104.458 335.41
1300 900 98.4607 316.228
1300 950 94.6785 304.138
1300 1000 93.3843 300
1300 150 280.763 901.388
1300 1050 94.6785 304.138
1300 1100 98.4607 316.228
1300 1150 104.458 335.41
1300 1200 112.314 360.555
1300 1250 121.675 390.512
1300 1300 132.199 424.264
1300 1350 143.63 460.977
1300 1400 155.77 500
1300 1450 168.466 540.833
1300 1500 181.613 583.095
1300 200 266.13 854.4
1300 1550 195.123 626.498
1300 1600 208.933 670.82
1300 1650 222.976 715.891
1300 1700 237.212 761.577
1300 1750 251.605 807.775
1300 1800 266.13 854.4
1300 1850 280.763 901.388
1300 1900 295.493 948.683
1300 250 251.605 807.775
1300 300 237.212 761.577
1300 350 222.976 715.891
1300 400 208.933 670.82
1300 450 195.123 626.498
1300 500 181.613 583.095
1350 50 315.346 1012.42
1350 100 300.782 965.66
1350 550 177.566 570.088
1350 600 165.567 531.507
1350 650 154.206 494.975
1350 700 143.63 460.977
1350 750 134.023 430.116
1350 800 125.602 403.113
1350 850 118.637 380.789
1350 900 113.39 364.005
1350 950 110.127 353.553
1350 1000 109.018 350
1350 150 286.325 919.239
1350 1050 110.127 353.553
1350 1100 113.39 364.005
1350 1150 118.637 380.789
1350 1200 125.602 403.113
1350 1250 134.023 430.116
1350 1300 143.63 460.977
1350 1350 154.206 494.975
1350 1400 165.567 531.507
1350 1450 177.566 570.088
1350 1500 190.089 610.328
1350 200 271.99 873.212
1350 1550 203.042 651.92
1350 1600 216.35 694.622
1350 1650 229.941 738.241
1350 1700 243.771 782.624
1350 1750 257.796 827.647
1350 1800 271.99 873.212
1350 1850 286.325 919.239
1350 1900 300.782 965.66
1350 250 257.796 827.647
1350 300 243.771 782.624
1350 350 229.941 738.241
1350 400 216.35 694.622
1350 450 203.042 651.92
1350 500 190.089 610.328
1400 50 321.063 1030.78
1400 100 306.77 984.886
1400 550 187.522 602.08
1400 600 176.197 565.685
1400 650 165.567 531.507
1400 700 155.77 500
1400 750 146.967 471.699
1400 800 139.346 447.214
1400 850 133.112 427.2
1400 900 128.468 412.311
1400 950 125.6 403.113
1400 1000 124.629 400
1400 150 292.609 939.415
1400 1050 125.6 403.113
1400 1100 128.468 412.311
1400 1150 133.112 427.2
1400 1200 139.346 447.214
1400 1250 146.967 471.699
1400 1300 155.77 500
1400 1350 165.567 531.507
1400 1400 176.197 565.685
1400 1450 187.522 602.08
1400 1500 199.427 640.312
1400 200 278.597 894.427
1400 1550 211.818 680.074
1400 1600 224.604 721.11
1400 1650 237.725 763.217
1400 1700 251.124 806.226
1400 1750 264.761 850
1400 1800 278.597 894.427
1400 1850 292.609 939.415
1400 1900 306.77 984.886
1400 250 264.761 850
1400 300 251.124 806.226
1400 350 237.725 763.217
1400 400 224.604 721.11
1400 450 211.818 680.074
1400 500 199.427 640.312
1450 50 327.421 1051.19
1450 100 313.419 1006.23
1450 550 198.207 636.396
1450 600 187.522 602.08
1450 650 177.566 570.088
1450 700 168.466 540.833
1450 750 160.366 514.782
1450 800 153.418 492.443
1450 850 147.787 474.342
1450 900 143.627 460.977
1450 950 141.072 452.769
1450 1000 140.21 450
1450 150 299.573 961.769
1450 1050 141.072 452.769
1450 1100 143.627 460.977
1450 1150 147.787 474.342
1450 1200 153.418 492.443
1450 1250 160.366 514.782
1450 1300 168.466 540.833
1450 1350 177.566 570.088
1450 1400 187.522 602.08
1450 1450 198.207 636.396
1450 1500 209.514 672.681
1450 200 285.902 917.878
1450 1550 221.339 710.634
1450 1600 233.607 750
1450 1650 246.248 790.569
1450 1700 259.206 832.166
1450 1750 272.438 874.643
1450 1800 285.902 917.878
1450 1850 299.573 961.769
1450 1900 313.419 1006.23
1450 250 272.438 874.643
1450 300 259.206 832.166
1450 350 246.248 790.569
1450 400 233.607 750
1450 450 221.339 710.634
1450 500 209.514 672.681
1500 50 334.384 1073.55
1500 100 320.686 1029.56
1500 550 209.514 672.681
1500 600 199.427 640.312
1500 650 190.089 610.328
1500 700 181.613 583.095
1500 750 174.12 559.017
1500 800 167.743 538.516
1500 850 162.614 522.015
1500 900 158.846 509.902
1500 950 156.541 502.494
1500 1000 155.765 500
1500 150 307.167 986.154
1500 1050 156.541 502.494
1500 1100 158.846 509.902
1500 1150 162.614 522.015
1500 1200 167.743 538.516
1500 1250 174.12 559.017
1500 1300 181.613 583.095
1500 1350 190.089 610.328
1500 1400 199.427 640.312
1500 1450 209.514 672.681
1500 1500 220.241 707.107
1500 200 293.851 943.398
1500 1550 231.521 743.303
1500 1600 243.275 781.025
1500 1650 255.435 820.061
1500 1700 267.95 860.233
1500 1750 280.767 901.388
1500 1800 293.851 943.398
1500 1850 307.167 986.154
1500 1900 320.686 1029.56
1500 250 280.767 901.388
1500 300 267.95 860.233
1500 350 255.435 820.061
1500 400 243.275 781.025
1500 450 231.521 743.303
1500 500 220.241 707.107
150 50 397.06 1274.75
150 100 385.595 1237.94
150 550 299.573 961.769
150 600 292.609 939.415
150 650 286.325 919.239
150 700 280.763 901.388
150 750 275.971 886.002
150 800 271.987 873.212
150 850 268.847 863.134
150 900 266.582 855.862
150 950 265.214 851.469
150 1000 264.756 850
150 150 374.425 1202.08
150 1050 265.214 851.469
150 1100 266.582 855.862
150 1150 268.847 863.134
150 1200 271.987 873.212
150 1250 275.971 886.002
150 1300 280.763 901.388
150 1350 286.325 919.239
150 1400 292.609 939.415
150 1450 299.573 961.769
150 1500 307.167 986.154
150 200 363.579 1167.26
150 1550 315.35 1012.42
150 1600 324.074 1040.43
150 1650 333.296 1070.05
150 1700 342.98 1101.14
150 1750 353.085 1133.58
150 1800 363.579 1167.26
150 1850 374.425 1202.08
150 1900 385.595 1237.94
150 250 353.085 1133.58
150 300 342.98 1101.14
150 350 333.296 1070.05
150 400 324.074 1040.43
150 450 315.35 1012.42
150 500 307.167 986.154
1550 50 341.916 1097.72
1550 100 328.531 1054.75
1550 550 221.339 710.634
1550 600 211.818 680.074
1550 650 203.042 651.92
1550 700 195.123 626.498
1550 750 188.165 604.152
1550 800 182.277 585.235
1550 850 177.563 570.088
1550 900 174.117 559.017
1550 950 172.017 552.268
1550 1000 171.312 550
1550 150 315.35 1012.42
1550 1050 172.017 552.268
1550 1100 174.117 559.017
1550 1150 177.563 570.088
1550 1200 182.277 585.235
1550 1250 188.165 604.152
1550 1300 195.123 626.498
1550 1350 203.042 651.92
1550 1400 211.818 680.074
1550 1450 221.339 710.634
1550 1500 231.521 743.303
1550 200 302.393 970.824
1550 1550 242.276 777.817
1550 1600 253.529 813.941
1550 1650 265.221 851.469
1550 1700 277.292 890.225
1550 1750 289.696 930.054
1550 1800 302.393 970.824
1550 1850 315.35 1012.42
1550 1900 328.531 1054.75
1550 250 289.696 930.054
1550 300 277.292 890.225
1550 350 265.221 851.469
1550 400 253.529 813.941
1550 450 242.276 777.817
1550 500 231.521 743.303
1600 50 349.979 1123.61
1600 100 336.914 1081.67
1600 550 233.607 750
1600 600 224.604 721.11
1600 650 216.35 694.622
1600 700 208.933 670.82
1600 750 202.443 650
1600 800 196.976 632.456
1600 850 192.619 618.466
1600 900 189.447 608.276
1600 950 187.517 602.08
1600 1000 186.869 600
1600 150 324.074 1040.43
1600 1050 187.517 602.08
1600 1100 189.447 608.276
1600 1150 192.619 618.466
1600 1200 196.976 632.456
1600 1250 202.443 650
1600 1300 208.933 670.82
1600 1350 216.35 694.622
1600 1400 224.604 721.11
1600 1450 233.607 750
1600 1500 243.275 781.025
1600 200 311.481 1000
1600 1550 253.529 813.941
1600 1600 264.304 848.528
1600 1650 275.536 884.59
1600 1700 287.174 921.954
1600 1750 299.169 960.469
1600 1800 311.481 1000
1600 1850 324.074 1040.43
1600 1900 336.914 1081.67
1600 250 299.169 960.469
1600 300 287.174 921.954
1600 350 275.536 884.59
1600 400 264.304 848.528
1600 450 253.529 813.941
1600 500 243.275 781.025
1650 50 358.539 1151.09
1650 100 345.796 1110.18
1650 550 246.248 790.569
1650 600 237.725 763.217
1650 650 229.941 738.241
1650 700 222.976 715.891
1650 750 216.907 696.419
1650 800 211.814 680.074
1650 850 207.766 667.083
1650 900 204.823 657.647
1650 950 203.037 651.92
1650 1000 202.44 650
1650 150 333.296 1070.05
1650 1050 203.037 651.92
1650 1100 204.823 657.647
1650 1150 207.766 667.083
1650 1200 211.814 680.074
1650 1250 216.907 696.419
1650 1300 222.976 715.891
1650 1350 229.941 738.241
1650 1400 237.725 763.217
1650 1450 246.248 790.569
1650 1500 255.435 820.061
1650 200 321.067 1030.78
1650 1550 265.221 851.469
1650 1600 275.536 884.59
1650 1650 286.329 919.239
1650 1700 297.543 955.249
1650 1750 309.137 992.472
1650 1800 321.067 1030.78
1650 1850 333.296 1070.05
1650 1900 345.796 1110.18
1650 250 309.137 992.472
1650 300 297.543 955.249
1650 350 286.329 919.239
1650 400 275.536 884.59
1650 450 265.221 851.469
1650 500 255.435 820.061
1700 50 367.56 1180.04
1700 100 355.141 1140.18
1700 550 259.206 832.166
1700 600 251.124 806.226
1700 650 243.771 782.624
1700 700 237.212 761.577
1700 750 231.517 743.303
1700 800 226.752 728.011
1700 850 222.973 715.891
1700 900 220.235 707.107
1700 950 218.576 701.783
1700 1000 218.02 700
1700 150 342.98 1101.14
1700 1050 218.576 701.783
1700 1100 220.235 707.107
1700 1150 222.973 715.891
1700 1200 226.752 728.011
1700 1250 231.517 743.303
1700 1300 237.212 761.577
1700 1350 243.771 782.624
1700 1400 251.124 806.226
1700 1450 259.206 832.166
1700 1500 267.95 860.233
1700 200 331.106 1063.01
1700 1550 277.292 890.225
1700 1600 287.174 921.954
1700 1650 297.543 955.249
1700 1700 308.351 989.949
1700 1750 319.553 1025.91
1700 1800 331.106 1063.01
1700 1850 342.98 1101.14
1700 1900 355.141 1140.18
1700 250 319.553 1025.91
1700 300 308.351 989.949
1700 350 297.543 955.249
1700 400 287.174 921.954
1700 450 277.292 890.225
1700 500 267.95 860.233
1750 50 377.007 1210.37
1750 100 364.911 1171.54
1750 550 272.438 874.643
1750 600 264.761 850
1750 650 257.796 827.647
1750 700 251.605 807.775
1750 750 246.245 790.569
1750 800 241.769 776.209
1750 850 238.23 764.853
1750 900 235.67 756.637
1750 950 234.119 751.665
1750 1000 233.6 750
1750 150 353.085 1133.58
1750 1050 234.119 751.665
1750 1100 235.67 756.637
1750 1150 238.23 764.853
1750 1200 241.769 776.209
1750 1250 246.245 790.569
1750 1300 251.605 807.775
1750 1350 257.796 827.647
1750 1400 264.761 850
1750 1450 272.438 874.643
1750 1500 280.767 901.388
1750 200 341.563 1096.59
1750 1550 289.696 930.054
1750 1600 299.169 960.469
1750 1650 309.137 992.472
1750 1700 319.553 1025.91
1750 1750 330.374 1060.66
1750 1800 341.563 1096.59
1750 1850 353.085 1133.58
1750 1900 364.911 1171.54
1750 250 330.374 1060.66
1750 300 319.553 1025.91
1750 350 309.137 992.472
1750 400 299.169 960.469
1750 450 289.696 930.054
1750 500 280.767 901.388
1800 50 386.851 1241.97
1800 100 375.072 1204.16
1800 550 285.902 917.878
1800 600 278.597 894.427
1800 650 271.99 873.212
1800 700 266.13 854.4
1800 750 261.067 838.153
1800 800 256.851 824.621
1800 850 253.523 813.941
1800 900 251.119 806.226
1800 950 249.665 801.561
1800 1000 249.179 800
1800 150 363.579 1167.26
1800 1050 249.665 801.561
1800 1100 251.119 806.226
1800 1150 253.523 813.941
1800 1200 256.851 824.621
1800 1250 261.067 838.153
1800 1300 266.13 854.4
1800 1350 271.99 873.212
1800 1400 278.597 894.427
1800 1450 285.902 917.878
1800 1500 293.851 943.398
1800 200 352.398 1131.37
1800 1550 302.393 970.824
1800 1600 311.481 1000
1800 1650 321.067 1030.78
1800 1700 331.106 1063.01
1800 1750 341.563 1096.59
1800 1800 352.398 1131.37
1800 1850 363.579 1167.26
1800 1900 375.072 1204.16
1800 250 341.563 1096.59
1800 300 331.106 1063.01
1800 350 321.067 1030.78
1800 400 311.481 1000
1800 450 302.393 970.824
1800 500 293.851 943.398
1850 50 397.06 1274.75
1850 100 385.595 1237.94
1850 550 299.573 961.769
1850 600 292.609 939.415
1850 650 286.325 919.239
1850 700 280.763 901.388
1850 750 275.971 886.002
1850 800 271.987 873.212
1850 850 268.847 863.134
1850 900 266.582 855.862
1850 950 265.214 851.469
1850 1000 264.756 850
1850 150 374.425 1202.08
1850 1050 265.214 851.469
1850 1100 266.582 855.862
1850 1150 268.847 863.134
1850 1200 271.987 873.212
1850 1250 275.971 886.002
1850 1300 280.763 901.388
1850 1350 286.325 919.239
1850 1400 292.609 939.415
1850 1450 299.573 961.769
1850 1500 307.167 986.154
1850 200 363.579 1167.26
1850 1550 315.35 1012.42
1850 1600 324.074 1040.43
1850 1650 333.296 1070.05
1850 1700 342.98 1101.14
1850 1750 353.085 1133.58
1850 1800 363.579 1167.26
1850 1850 374.425 1202.08
1850 1900 385.595 1237.94
1850 250 353.085 1133.58
1850 300 342.98 1101.14
1850 350 333.296 1070.05
1850 400 324.074 1040.43
1850 450 315.35 1012.42
1850 500 307.167 986.154
1900 50 407.609 1308.63
1900 100 396.45 1272.79
1900 550 313.419 1006.23
1900 600 306.77 984.886
1900 650 300.782 965.66
1900 700 295.493 948.683
1900 750 290.944 934.077
1900 800 287.168 921.954
1900 850 284.196 912.414
1900 900 282.053 905.539
1900 950 280.76 901.388
1900 1000 280.328 900
1900 150 385.595 1237.94
1900 1050 280.76 901.388
1900 1100 282.053 905.539
1900 1150 284.196 912.414
1900 1200 287.168 921.954
1900 1250 290.944 934.077
1900 1300 295.493 948.683
1900 1350 300.782 965.66
1900 1400 306.77 984.886
1900 1450 313.419 1006.23
1900 1500 320.686 1029.56
1900 200 375.072 1204.16
1900 1550 328.531 1054.75
1900 1600 336.914 1081.67
1900 1650 345.796 1110.18
1900 1700 355.141 1140.18
1900 1750 364.911 1171.54
1900 1800 375.072 1204.16
1900 1850 385.595 1237.94
1900 1900 396.45 1272.79
1900 250 364.911 1171.54
1900 300 355.141 1140.18
1900 350 345.796 1110.18
1900 400 336.914 1081.67
1900 450 328.531 1054.75
1900 500 320.686 1029.56
200 50 386.851 1241.97
200 100 375.072 1204.16
200 550 285.902 917.878
200 600 278.597 894.427
200 650 271.99 873.212
200 700 266.13 854.4
200 750 261.067 838.153
200 800 256.851 824.621
200 850 253.523 813.941
200 900 251.119 806.226
200 950 249.665 801.561
200 1000 249.179 800
200 150 363.579 1167.26
200 1050 249.665 801.561
200 1100 251.119 806.226
200 1150 253.523 813.941
200 1200 256.851 824.621
200 1250 261.067 838.153
200 1300 266.13 854.4
200 1350 271.99 873.212
200 1400 278.597 894.427
200 1450 285.902 917.878
200 1500 293.851 943.398
200 200 352.398 1131.37
200 1550 302.393 970.824
200 1600 311.481 1000
200 1650 321.067 1030.78
200 1700 331.106 1063.01
200 1750 341.563 1096.59
200 1800 352.398 1131.37
200 1850 363.579 1167.26
200 1900 375.072 1204.16
200 250 341.563 1096.59
200 300 331.106 1063.01
200 350 321.067 1030.78
200 400 311.481 1000
200 450 302.393 970.824
200 500 293.851 943.398
250 50 377.007 1210.37
250 100 364.911 1171.54
250 550 272.438 874.643
250 600 264.761 850
250 650 257.796 827.647
250 700 251.605 807.775
250 750 246.245 790.569
250 800 241.769 776.209
250 850 238.23 764.853
250 900 235.67 756.637
250 950 234.119 751.665
250 1000 233.6 750
250 150 353.085 1133.58
250 1050 234.119 751.665
250 1100 235.67 756.637
250 1150 238.23 764.853
250 1200 241.769 776.209
250 1250 246.245 790.569
250 1300 251.605 807.775
250 1350 257.796 827.647
250 1400 264.761 850
250 1450 272.438 874.643
250 1500 280.767 901.388
250 200 341.563 1096.59
250 1550 289.696 930.054
250 1600 299.169 960.469
250 1650 309.137 992.472
250 1700 319.553 1025.91
250 1750 330.374 1060.66
250 1800 341.563 1096.59
250 1850 353.085 1133.58
250 1900 364.911 1171.54
250 250 330.374 1060.66
250 300 319.553 1025.91
250 350 309.137 992.472
250 400 299.169 960.469
250 450 289.696 930.054
250 500 280.767 901.388
300 50 367.56 1180.04
300 100 355.141 1140.18
300 550 259.206 832.166
300 600 251.124 806.226
300 650 243.771 782.624
300 700 237.212 761.577
300 750 231.517 743.303
300 800 226.752 728.011
300 850 222.973 715.891
300 900 220.235 707.107
300 950 218.576 701.783
300 1000 218.02 700
300 150 342.98 1101.14
300 1050 218.576 701.783
300 1100 220.235 707.107
300 1150 222.973 715.891
300 1200 226.752 728.011
300 1250 231.517 743.303
300 1300 237.212 761.577
300 1350 243.771 782.624
300 1400 251.124 806.226
300 1450 259.206 832.166
300 1500 267.95 860.233
300 200 331.106 1063.01
300 1550 277.292 890.225
300 1600 287.174 921.954
300 1650 297.543 955.249
300 1700 308.351 989.949
300 1750 319.553 1025.91
300 1800 331.106 1063.01
300 1850 342.98 1101.14
300 1900 355.141 1140.18
300 250 319.553 1025.91
300 300 308.351 989.949
300 350 297.543 955.249
300 400 287.174 921.954
300 450 277.292 890.225
300 500 267.95 860.233
350 50 358.539 1151.09
350 100 345.796 1110.18
350 550 246.248 790.569
350 600 237.725 763.217
350 650 229.941 738.241
350 700 222.976 715.891
350 750 216.907 696.419
350 800 211.814 680.074
350 850 207.766 667.083
350 900 204.823 657.647
350 950 203.037 651.92
350 1000 202.44 650
350 150 333.296 1070.05
350 1050 203.037 651.92
350 1100 204.823 657.647
350 1150 207.766 667.083
350 1200 211.814 680.074
350 1250 216.907 696.419
350 1300 222.976 715.891
350 1350 229.941 738.241
350 1400 237.725 763.217
350 1450 246.248 790.569
350 1500 255.435 820.061
350 200 321.067 1030.78
350 1550 265.221 851.469
350 1600 275.536 884.59
350 1650 286.329 919.239
350 1700 297.543 955.249
350 1750 309.137 992.472
350 1800 321.067 1030.78
350 1850 333.296 1070.05
350 1900 345.796 1110.18
350 250 309.137 992.472
350 300 297.543 955.249
350 350 286.329 919.239
350 400 275.536 884.59
350 450 265.221 851.469
350 500 255.435 820.061
400 50 349.979 1123.61
400 100 336.914 1081.67
400 550 233.607 750
400 600 224.604 721.11
400 650 216.35 694.622
400 700 208.933 670.82
400 750 202.443 650
400 800 196.976 632.456
400 850 192.619 618.466
400 900 189.447 608.276
400 950 187.517 602.08
400 1000 186.869 600
400 150 324.074 1040.43
400 1050 187.517 602.08
400 1100 189.447 608.276
400 1150 192.619 618.466
400 1200 196.976 632.456
400 1250 202.443 650
400 1300 208.933 670.82
400 1350 216.35 694.622
400 1400 224.604 721.11
400 1450 233.607 750
400 1500 243.275 781.025
400 200 311.481 1000
400 1550 253.529 813.941
400 1600 264.304 848.528
400 1650 275.536 884.59
400 1700 287.174 921.954
400 1750 299.169 960.469
400 1800 311.481 1000
400 1850 324.074 1040.43
400 1900 336.914 1081.67
400 250 299.169 960.469
400 300 287.174 921.954
400 350 275.536 884.59
400 400 264.304 848.528
400 450 253.529 813.941
400 500 243.275 781.025
450 50 341.916 1097.72
450 100 328.531 1054.75
450 550 221.339 710.634
450 600 211.818 680.074
450 650 203.042 651.92
450 700 195.123 626.498
450 750 188.165 604.152
450 800 182.277 585.235
450 850 177.563 570.088
450 900 174.117 559.017
450 950 172.017 552.268
450 1000 171.312 550
450 150 315.35 1012.42
450 1050 172.017 552.268
450 1100 174.117 559.017
450 1150 177.563 570.088
450 1200 182.277 585.235
450 1250 188.165 604.152
450 1300 195.123 626.498
450 1350 203.042 651.92
450 1400 211.818 680.074
450 1450 221.339 710.634
450 1500 231.521 743.303
450 200 302.393 970.824
450 1550 242.276 777.817
450 1600 253.529 813.941
450 1650 265.221 851.469
450 1700 277.292 890.225
450 1750 289.696 930.054
450 1800 302.393 970.824
450 1850 315.35 1012.42
450 1900 328.531 1054.75
450 250 289.696 930.054
450 300 277.292 890.225
450 350 265.221 851.469
450 400 253.529 813.941
450 450 242.276 777.817
450 500 231.521 743.303
500 50 334.384 1073.55
500 100 320.686 1029.56
500 550 209.514 672.681
500 600 199.427 640.312
500 650 190.089 610.328
500 700 181.613 583.095
500 750 174.12 559.017
500 800 167.743 538.516
500 850 162.614 522.015
500 900 158.846 509.902
500 950 156.541 502.494
500 1000 155.765 500
500 150 307.167 986.154
500 1050 156.541 502.494
500 1100 158.846 509.902
500 1150 162.614 522.015
500 1200 167.743 538.516
500 1250 174.12 559.017
500 1300 181.613 583.095
500 1350 190.089 610.328
500 1400 199.427 640.312
500 1450 209.514 672.681
500 1500 220.241 707.107
500 200 293.851 943.398
500 1550 231.521 743.303
500 1600 243.275 781.025
500 1650 255.435 820.061
500 1700 267.95 860.233
500 1750 280.767 901.388
500 1800 293.851 943.398
500 1850 307.167 986.154
500 1900 320.686 1029.56
500 250 280.767 901.388
500 300 267.95 860.233
500 350 255.435 820.061
500 400 243.275 781.025
500 450 231.521 743.303
500 500 220.241 707.107
