20 300 2.6099e-05 1480
2020 300 2.01765e-05 520
2040 300 1.98157e-05 540
2060 300 1.95351e-05 560
2080 300 1.91357e-05 580
2100 300 1.87706e-05 600
2120 300 1.84747e-05 620
2140 300 1.82139e-05 640
2160 300 1.8039e-05 660
2180 300 1.77156e-05 680
2200 300 1.69057e-05 700
220 300 2.96299e-05 1280
2220 300 1.47167e-05 720
2240 300 1.4207e-05 740
2260 300 1.40161e-05 760
2280 300 1.37134e-05 780
2300 300 1.35285e-05 800
2320 300 1.33555e-05 820
2340 300 1.31428e-05 840
2360 300 1.28473e-05 860
2380 300 1.27517e-05 880
2400 300 1.3111e-05 900
240 300 3.00125e-05 1260
2420 300 1.39685e-05 920
2440 300 1.31652e-05 940
2460 300 1.30624e-05 960
2480 300 1.26655e-05 980
2500 300 1.19307e-05 1000
2520 300 1.18161e-05 1020
2540 300 1.1484e-05 1040
2560 300 1.16512e-05 1060
2580 300 1.21296e-05 1080
2600 300 1.20416e-05 1100
260 300 3.03241e-05 1240
2620 300 1.17807e-05 1120
2640 300 1.16839e-05 1140
2660 300 1.18713e-05 1160
2680 300 1.2176e-05 1180
2700 300 1.23191e-05 1200
2720 300 1.22521e-05 1220
2740 300 1.20961e-05 1240
2760 300 1.20223e-05 1260
2780 300 1.20843e-05 1280
2800 300 1.21933e-05 1300
280 300 3.05614e-05 1220
2820 300 1.22196e-05 1320
2840 300 1.20976e-05 1340
2860 300 1.19703e-05 1360
2880 300 1.19105e-05 1380
2900 300 1.1906e-05 1400
2920 300 1.1935e-05 1420
2940 300 1.18388e-05 1440
2960 300 1.16965e-05 1460
2980 300 1.16402e-05 1480
300 300 3.06168e-05 1200
320 300 3.06497e-05 1180
340 300 3.07495e-05 1160
360 300 3.07641e-05 1140
380 300 3.04253e-05 1120
400 300 2.95548e-05 1100
40 300 2.64684e-05 1460
420 300 2.8186e-05 1080
440 300 2.65959e-05 1060
460 300 2.45579e-05 1040
480 300 2.14979e-05 1020
500 300 1.75324e-05 1000
520 300 1.26736e-05 980
540 300 1.02909e-05 960
560 300 1.45045e-05 940
580 300 2.07419e-05 920
600 300 1.74184e-05 900
60 300 2.68291e-05 1440
620 300 1.99655e-05 880
640 300 1.91213e-05 860
660 300 1.94437e-05 840
680 300 1.92595e-05 820
700 300 1.89341e-05 800
720 300 1.91096e-05 780
740 300 1.96803e-05 760
760 300 1.98456e-05 740
780 300 1.98821e-05 720
800 300 1.77395e-05 700
80 300 2.71535e-05 1420
820 300 1.76339e-05 680
840 300 1.79227e-05 660
860 300 1.82068e-05 640
880 300 1.84975e-05 620
900 300 1.87825e-05 600
920 300 1.91362e-05 580
940 300 1.95386e-05 560
960 300 1.98144e-05 540
980 300 2.01726e-05 520
1000 300 2.05584e-05 500
100 300 2.74786e-05 1400
1020 300 2.11119e-05 480
1040 300 2.15988e-05 460
1060 300 2.21039e-05 440
1080 300 2.24188e-05 420
1100 300 2.29401e-05 400
1120 300 2.37166e-05 380
1140 300 2.45332e-05 360
1160 300 2.52048e-05 340
1180 300 2.56483e-05 320
1200 300 2.6421e-05 300
120 300 2.78672e-05 1380
1220 300 2.76164e-05 280
1240 300 2.88917e-05 260
1260 300 2.99752e-05 240
1280 300 3.13726e-05 220
1300 300 3.24377e-05 200
1320 300 3.39524e-05 180
1340 300 3.49899e-05 160
1360 300 3.8336e-05 140
1380 300 4.64769e-05 120
1400 300 4.68941e-05 100
140 300 2.82709e-05 1360
1600 300 4.68941e-05 100
160 300 2.86648e-05 1340
1620 300 4.64769e-05 120
1640 300 3.8336e-05 140
1660 300 3.49899e-05 160
1680 300 3.39524e-05 180
1700 300 3.24377e-05 200
1720 300 3.13726e-05 220
1740 300 2.99752e-05 240
1760 300 2.88917e-05 260
1780 300 2.76164e-05 280
1800 300 2.6421e-05 300
180 300 2.89846e-05 1320
1820 300 2.56483e-05 320
1840 300 2.52048e-05 340
1860 300 2.45333e-05 360
1880 300 2.37167e-05 380
1900 300 2.29403e-05 400
1920 300 2.24189e-05 420
1940 300 2.21035e-05 440
1960 300 2.15979e-05 460
1980 300 2.11065e-05 480
2000 300 2.05537e-05 500
200 300 2.92739e-05 1300
