20 300 498.662 1480
2020 300 172.419 520
2040 300 179.108 540
2060 300 185.663 560
2080 300 192.243 580
2100 300 198.879 600
2120 300 205.545 620
2140 300 212.217 640
2160 300 218.914 660
2180 300 225.433 680
2200 300 231.983 700
220 300 432.743 1280
2220 300 237.943 720
2240 300 243.909 740
2260 300 249.827 760
2280 300 255.711 780
2300 300 261.562 800
2320 300 267.398 820
2340 300 273.315 840
2360 300 279.003 860
2380 300 285.127 880
2400 300 291.395 900
240 300 426.142 1260
2420 300 297.727 920
2440 300 303.989 940
2460 300 310.335 960
2480 300 316.753 980
2500 300 323.498 1000
2520 300 329.85 1020
2540 300 336.898 1040
2560 300 343.908 1060
2580 300 350.151 1080
2600 300 357.014 1100
260 300 419.591 1240
2620 300 364.171 1120
2640 300 371.411 1140
2660 300 378.366 1160
2680 300 384.844 1180
2700 300 391.322 1200
2720 300 398.121 1220
2740 300 405.226 1240
2760 300 412.299 1260
2780 300 419.005 1280
2800 300 425.416 1300
280 300 413.122 1220
2820 300 431.866 1320
2840 300 438.671 1340
2860 300 445.63 1360
2880 300 452.474 1380
2900 300 459.064 1400
2920 300 465.442 1420
2940 300 472.071 1440
2960 300 478.923 1460
2980 300 485.791 1480
300 300 406.662 1200
320 300 400.13 1180
340 300 393.518 1160
360 300 386.918 1140
380 300 380.412 1120
400 300 374.053 1100
40 300 491.967 1460
420 300 367.758 1080
440 300 361.229 1060
460 300 354.615 1040
480 300 348.091 1020
500 300 340.927 1000
520 300 332.079 980
540 300 322.189 960
560 300 318.881 940
580 300 316.08 920
600 300 306.724 900
60 300 485.393 1440
620 300 300.833 880
640 300 291.559 860
660 300 284.301 840
680 300 276.902 820
700 300 269.684 800
720 300 262.019 780
740 300 254.397 760
760 300 246.98 740
780 300 239.477 720
800 300 231.99 700
80 300 478.817 1420
820 300 225.4 680
840 300 218.707 660
860 300 212.201 640
880 300 205.543 620
900 300 198.888 600
920 300 192.239 580
940 300 185.658 560
960 300 179.11 540
980 300 172.419 520
1000 300 165.718 500
100 300 472.223 1400
1020 300 159.001 480
1040 300 152.47 460
1060 300 145.919 440
1080 300 139.382 420
1100 300 132.642 400
1120 300 125.781 380
1140 300 119.107 360
1160 300 112.701 340
1180 300 106.38 320
1200 300 99.6733 300
120 300 465.605 1380
1220 300 92.6623 280
1240 300 85.9635 260
1260 300 79.4419 240
1280 300 72.9767 220
1300 300 66.4772 200
1320 300 59.3776 180
1340 300 53.819 160
1360 300 46.958 140
1380 300 38.425 120
1400 300 32.9556 100
140 300 459.032 1360
1600 300 32.9556 100
160 300 452.486 1340
1620 300 38.425 120
1640 300 46.958 140
1660 300 53.819 160
1680 300 59.3776 180
1700 300 66.4772 200
1720 300 72.9767 220
1740 300 79.4419 240
1760 300 85.9635 260
1780 300 92.6623 280
1800 300 99.6733 300
180 300 445.951 1320
1820 300 106.38 320
1840 300 112.701 340
1860 300 119.107 360
1880 300 125.782 380
1900 300 132.642 400
1920 300 139.382 420
1940 300 145.919 440
1960 300 152.47 460
1980 300 158.999 480
2000 300 165.717 500
200 300 439.375 1300
