50 50 1.26855e-05 1343.5
50 100 1.27186e-05 1308.63
50 550 1.41994e-05 1051.19
50 600 1.43522e-05 1030.78
50 650 1.44784e-05 1012.42
50 700 1.45783e-05 996.243
50 750 1.46861e-05 982.344
50 800 1.47743e-05 970.824
50 850 1.4849e-05 961.769
50 900 1.4905e-05 955.249
50 950 1.49385e-05 951.315
50 1000 1.49508e-05 950
50 150 1.28767e-05 1274.75
50 1050 1.49385e-05 951.315
50 1100 1.4905e-05 955.249
50 1150 1.4849e-05 961.769
50 1200 1.47743e-05 970.824
50 1250 1.46861e-05 982.344
50 1300 1.45783e-05 996.243
50 1350 1.44784e-05 1012.42
50 1400 1.43522e-05 1030.78
50 1450 1.41994e-05 1051.19
50 1500 1.40462e-05 1073.55
50 200 1.30482e-05 1241.97
50 1550 1.38919e-05 1097.72
50 1600 1.37343e-05 1123.61
50 1650 1.35606e-05 1151.09
50 1700 1.33897e-05 1180.04
50 1750 1.32212e-05 1210.37
50 1800 1.30482e-05 1241.97
50 1850 1.28767e-05 1274.75
50 1900 1.27186e-05 1308.63
50 250 1.32212e-05 1210.37
50 300 1.33897e-05 1180.04
50 350 1.35606e-05 1151.09
50 400 1.37343e-05 1123.61
50 450 1.38919e-05 1097.72
50 500 1.40462e-05 1073.55
550 50 1.41994e-05 1051.19
550 100 1.44913e-05 1006.23
550 550 1.82443e-05 636.396
550 600 1.87425e-05 602.08
550 650 1.93792e-05 570.088
550 700 1.97991e-05 540.833
550 750 2.02707e-05 514.782
550 800 2.07176e-05 492.443
550 850 2.12803e-05 474.342
550 900 2.15805e-05 460.977
550 950 2.17448e-05 452.769
550 1000 2.17855e-05 450
550 150 1.48506e-05 961.769
550 1050 2.17448e-05 452.769
550 1100 2.15805e-05 460.977
550 1150 2.12803e-05 474.342
550 1200 2.07176e-05 492.443
550 1250 2.02707e-05 514.782
550 1300 1.97991e-05 540.833
550 1350 1.93792e-05 570.088
550 1400 1.87425e-05 602.08
550 1450 1.82443e-05 636.396
550 1500 1.77806e-05 672.681
550 200 1.51812e-05 917.878
550 1550 1.72712e-05 710.634
550 1600 1.68387e-05 750
550 1650 1.63907e-05 790.569
550 1700 1.59564e-05 832.166
550 1750 1.557e-05 874.643
550 1800 1.51812e-05 917.878
550 1850 1.48506e-05 961.769
550 1900 1.44913e-05 1006.23
550 250 1.557e-05 874.643
550 300 1.59564e-05 832.166
550 350 1.63907e-05 790.569
550 400 1.68387e-05 750
550 450 1.72712e-05 710.634
550 500 1.77806e-05 672.681
600 50 1.43522e-05 1030.78
600 100 1.46674e-05 984.886
600 550 1.87425e-05 602.08
600 600 1.94486e-05 565.685
600 650 1.99764e-05 531.507
600 700 2.0551e-05 500
600 750 2.13427e-05 471.699
600 800 2.18355e-05 447.214
600 850 2.22534e-05 427.2
600 900 2.25901e-05 412.311
600 950 2.28435e-05 403.113
600 1000 2.29358e-05 400
600 150 1.50429e-05 939.415
600 1050 2.28435e-05 403.113
600 1100 2.25901e-05 412.311
600 1150 2.22534e-05 427.2
600 1200 2.18355e-05 447.214
600 1250 2.13427e-05 471.699
600 1300 2.0551e-05 500
600 1350 1.99764e-05 531.507
600 1400 1.94486e-05 565.685
600 1450 1.87425e-05 602.08
600 1500 1.81993e-05 640.312
600 200 1.53889e-05 894.427
600 1550 1.76679e-05 680.074
600 1600 1.71398e-05 721.11
600 1650 1.66966e-05 763.217
600 1700 1.62069e-05 806.226
600 1750 1.58239e-05 850
600 1800 1.53889e-05 894.427
600 1850 1.50429e-05 939.415
600 1900 1.46674e-05 984.886
600 250 1.58239e-05 850
600 300 1.62069e-05 806.226
600 350 1.66966e-05 763.217
600 400 1.71398e-05 721.11
600 450 1.76679e-05 680.074
600 500 1.81993e-05 640.312
650 50 1.44784e-05 1012.42
650 100 1.48174e-05 965.66
650 550 1.93792e-05 570.088
650 600 1.99764e-05 531.507
650 650 2.06599e-05 494.975
650 700 2.15817e-05 460.977
650 750 2.2195e-05 430.116
650 800 2.28445e-05 403.113
650 850 2.37016e-05 380.789
650 900 2.43805e-05 364.005
650 950 2.47192e-05 353.553
650 1000 2.48494e-05 350
650 150 1.51697e-05 919.239
650 1050 2.47192e-05 353.553
650 1100 2.43805e-05 364.005
650 1150 2.37016e-05 380.789
650 1200 2.28445e-05 403.113
650 1250 2.2195e-05 430.116
650 1300 2.15817e-05 460.977
650 1350 2.06599e-05 494.975
650 1400 1.99764e-05 531.507
650 1450 1.93792e-05 570.088
650 1500 1.86313e-05 610.328
650 200 1.55834e-05 873.212
650 1550 1.80688e-05 651.92
650 1600 1.74607e-05 694.622
650 1650 1.6947e-05 738.241
650 1700 1.64579e-05 782.624
650 1750 1.59931e-05 827.647
650 1800 1.55834e-05 873.212
650 1850 1.51697e-05 919.239
650 1900 1.48174e-05 965.66
650 250 1.59931e-05 827.647
650 300 1.64579e-05 782.624
650 350 1.6947e-05 738.241
650 400 1.74607e-05 694.622
650 450 1.80688e-05 651.92
650 500 1.86313e-05 610.328
700 50 1.45783e-05 996.243
700 100 1.49611e-05 948.683
700 550 1.97991e-05 540.833
700 600 2.0551e-05 500
700 650 2.15817e-05 460.977
700 700 2.23138e-05 424.264
700 750 2.32453e-05 390.512
700 800 2.45016e-05 360.555
700 850 2.53445e-05 335.41
700 900 2.57701e-05 316.228
700 950 2.62189e-05 304.138
700 1000 2.64114e-05 300
700 150 1.53265e-05 901.388
700 1050 2.62189e-05 304.138
700 1100 2.57701e-05 316.228
700 1150 2.53445e-05 335.41
700 1200 2.45016e-05 360.555
700 1250 2.32453e-05 390.512
700 1300 2.23138e-05 424.264
700 1350 2.15817e-05 460.977
700 1400 2.0551e-05 500
700 1450 1.97991e-05 540.833
700 1500 1.9074e-05 583.095
700 200 1.57778e-05 854.4
700 1550 1.83887e-05 626.498
700 1600 1.78083e-05 670.82
700 1650 1.72047e-05 715.891
700 1700 1.67176e-05 761.577
700 1750 1.61903e-05 807.775
700 1800 1.57778e-05 854.4
700 1850 1.53265e-05 901.388
700 1900 1.49611e-05 948.683
700 250 1.61903e-05 807.775
700 300 1.67176e-05 761.577
700 350 1.72047e-05 715.891
700 400 1.78083e-05 670.82
700 450 1.83887e-05 626.498
700 500 1.9074e-05 583.095
750 50 1.46861e-05 982.344
750 100 1.50872e-05 934.077
750 550 2.02707e-05 514.782
750 600 2.13427e-05 471.699
750 650 2.2195e-05 430.116
750 700 2.32453e-05 390.512
750 750 2.47208e-05 353.553
750 800 2.56452e-05 320.156
750 850 2.68492e-05 291.548
750 900 2.8338e-05 269.258
750 950 2.91286e-05 254.951
750 1000 2.9373e-05 250
750 150 1.54621e-05 886.002
750 1050 2.91286e-05 254.951
750 1100 2.8338e-05 269.258
750 1150 2.68492e-05 291.548
750 1200 2.56452e-05 320.156
750 1250 2.47208e-05 353.553
750 1300 2.32453e-05 390.512
750 1350 2.2195e-05 430.116
750 1400 2.13427e-05 471.699
750 1450 2.02707e-05 514.782
750 1500 1.95478e-05 559.017
750 200 1.5908e-05 838.153
750 1550 1.87109e-05 604.152
750 1600 1.80908e-05 650
750 1650 1.74371e-05 696.419
750 1700 1.68992e-05 743.303
750 1750 1.63896e-05 790.569
750 1800 1.5908e-05 838.153
750 1850 1.54621e-05 886.002
750 1900 1.50872e-05 934.077
750 250 1.63896e-05 790.569
750 300 1.68992e-05 743.303
750 350 1.74371e-05 696.419
750 400 1.80908e-05 650
750 450 1.87109e-05 604.152
750 500 1.95478e-05 559.017
800 50 1.47743e-05 970.824
800 100 1.51508e-05 921.954
800 550 2.07176e-05 492.443
800 600 2.18355e-05 447.214
800 650 2.28445e-05 403.113
800 700 2.45016e-05 360.555
800 750 2.56452e-05 320.156
800 800 2.74064e-05 282.843
800 850 2.93747e-05 250
800 900 3.11114e-05 223.607
800 950 3.21634e-05 206.155
800 1000 3.24113e-05 200
800 150 1.55845e-05 873.212
800 1050 3.21634e-05 206.155
800 1100 3.11114e-05 223.607
800 1150 2.93747e-05 250
800 1200 2.74064e-05 282.843
800 1250 2.56452e-05 320.156
800 1300 2.45016e-05 360.555
800 1350 2.28445e-05 403.113
800 1400 2.18355e-05 447.214
800 1450 2.07176e-05 492.443
800 1500 1.98627e-05 538.516
800 200 1.60182e-05 824.621
800 1550 1.90334e-05 585.235
800 1600 1.82916e-05 632.456
800 1650 1.76666e-05 680.074
800 1700 1.70516e-05 728.011
800 1750 1.65329e-05 776.209
800 1800 1.60182e-05 824.621
800 1850 1.55845e-05 873.212
800 1900 1.51508e-05 921.954
800 250 1.65329e-05 776.209
800 300 1.70516e-05 728.011
800 350 1.76666e-05 680.074
800 400 1.82916e-05 632.456
800 450 1.90334e-05 585.235
800 500 1.98627e-05 538.516
850 50 1.4849e-05 961.769
850 100 1.5221e-05 912.414
850 550 2.12803e-05 474.342
850 600 2.22534e-05 427.2
850 650 2.37016e-05 380.789
850 700 2.53445e-05 335.41
850 750 2.68492e-05 291.548
850 800 2.93747e-05 250
850 850 3.18252e-05 212.132
850 900 3.3926e-05 180.278
850 950 3.50479e-05 158.114
850 1000 3.56587e-05 150
850 150 1.56856e-05 863.134
850 1050 3.50479e-05 158.114
850 1100 3.3926e-05 180.278
850 1150 3.18252e-05 212.132
850 1200 2.93747e-05 250
850 1250 2.68492e-05 291.548
850 1300 2.53445e-05 335.41
850 1350 2.37016e-05 380.789
850 1400 2.22534e-05 427.2
850 1450 2.12803e-05 474.342
850 1500 2.01332e-05 522.015
850 200 1.61151e-05 813.941
850 1550 1.9379e-05 570.088
850 1600 1.85051e-05 618.466
850 1650 1.78677e-05 667.083
850 1700 1.72057e-05 715.891
850 1750 1.66753e-05 764.853
850 1800 1.61151e-05 813.941
850 1850 1.56856e-05 863.134
850 1900 1.5221e-05 912.414
850 250 1.66753e-05 764.853
850 300 1.72057e-05 715.891
850 350 1.78677e-05 667.083
850 400 1.85051e-05 618.466
850 450 1.9379e-05 570.088
850 500 2.01332e-05 522.015
900 50 1.4905e-05 955.249
900 100 1.52713e-05 905.539
900 550 2.15805e-05 460.977
900 600 2.25901e-05 412.311
900 650 2.43805e-05 364.005
900 700 2.57701e-05 316.228
900 750 2.8338e-05 269.258
900 800 3.11114e-05 223.607
900 850 3.3926e-05 180.278
900 900 3.78324e-05 141.421
900 950 4.78713e-05 111.803
900 1000 4.69065e-05 100
900 150 1.5761e-05 855.862
900 1050 4.78713e-05 111.803
900 1100 3.78324e-05 141.421
900 1150 3.3926e-05 180.278
900 1200 3.11114e-05 223.607
900 1250 2.8338e-05 269.258
900 1300 2.57701e-05 316.228
900 1350 2.43805e-05 364.005
900 1400 2.25901e-05 412.311
900 1450 2.15805e-05 460.977
900 1500 2.03525e-05 509.902
900 200 1.6206e-05 806.226
900 1550 1.95472e-05 559.017
900 1600 1.86649e-05 608.276
900 1650 1.8002e-05 657.647
900 1700 1.73157e-05 707.107
900 1750 1.67819e-05 756.637
900 1800 1.6206e-05 806.226
900 1850 1.5761e-05 855.862
900 1900 1.52713e-05 905.539
900 250 1.67819e-05 756.637
900 300 1.73157e-05 707.107
900 350 1.8002e-05 657.647
900 400 1.86649e-05 608.276
900 450 1.95472e-05 559.017
900 500 2.03525e-05 509.902
950 50 1.49385e-05 951.315
950 100 1.53274e-05 901.388
950 550 2.17448e-05 452.769
950 600 2.28435e-05 403.113
950 650 2.47192e-05 353.553
950 700 2.62189e-05 304.138
950 750 2.91286e-05 254.951
950 800 3.21634e-05 206.155
950 850 3.50479e-05 158.114
950 900 4.78713e-05 111.803
950 950 5.08123e-05 70.7107
950 1000 6.70941e-05 50
950 150 1.58073e-05 851.469
950 1050 5.08123e-05 70.7107
950 1100 4.78713e-05 111.803
950 1150 3.50479e-05 158.114
950 1200 3.21634e-05 206.155
950 1250 2.91286e-05 254.951
950 1300 2.62189e-05 304.138
950 1350 2.47192e-05 353.553
950 1400 2.28435e-05 403.113
950 1450 2.17448e-05 452.769
950 1500 2.04982e-05 502.494
950 200 1.62645e-05 801.561
950 1550 1.96452e-05 552.268
950 1600 1.87411e-05 602.08
950 1650 1.80677e-05 651.92
950 1700 1.73874e-05 701.783
950 1750 1.6821e-05 751.665
950 1800 1.62645e-05 801.561
950 1850 1.58073e-05 851.469
950 1900 1.53274e-05 901.388
950 250 1.6821e-05 751.665
950 300 1.73874e-05 701.783
950 350 1.80677e-05 651.92
950 400 1.87411e-05 602.08
950 450 1.96452e-05 552.268
950 500 2.04982e-05 502.494
1000 50 1.49508e-05 950
1000 100 1.53385e-05 900
1000 550 2.17855e-05 450
1000 600 2.29358e-05 400
1000 650 2.48494e-05 350
1000 700 2.64114e-05 300
1000 750 2.9373e-05 250
1000 800 3.24113e-05 200
1000 850 3.56587e-05 150
1000 900 4.69065e-05 100
1000 950 6.70941e-05 50
1000 150 1.58231e-05 850
1000 1050 6.70941e-05 50
1000 1100 4.69065e-05 100
1000 1150 3.56587e-05 150
1000 1200 3.24113e-05 200
1000 1250 2.9373e-05 250
1000 1300 2.64114e-05 300
1000 1350 2.48494e-05 350
1000 1400 2.29358e-05 400
1000 1450 2.17855e-05 450
1000 1500 2.05497e-05 500
1000 200 1.62828e-05 800
1000 1550 1.96761e-05 550
1000 1600 1.87745e-05 600
1000 1650 1.80894e-05 650
1000 1700 1.7412e-05 700
1000 1750 1.68368e-05 750
1000 1800 1.62828e-05 800
1000 1850 1.58231e-05 850
1000 1900 1.53385e-05 900
1000 250 1.68368e-05 750
1000 300 1.7412e-05 700
1000 350 1.80894e-05 650
1000 400 1.87745e-05 600
1000 450 1.96761e-05 550
1000 500 2.05497e-05 500
100 50 1.27186e-05 1308.63
100 100 1.28861e-05 1272.79
100 550 1.44913e-05 1006.23
100 600 1.46674e-05 984.886
100 650 1.48174e-05 965.66
100 700 1.49611e-05 948.683
100 750 1.50872e-05 934.077
100 800 1.51508e-05 921.954
100 850 1.5221e-05 912.414
100 900 1.52713e-05 905.539
100 950 1.53274e-05 901.388
100 1000 1.53385e-05 900
100 150 1.30718e-05 1237.94
100 1050 1.53274e-05 901.388
100 1100 1.52713e-05 905.539
100 1150 1.5221e-05 912.414
100 1200 1.51508e-05 921.954
100 1250 1.50872e-05 934.077
100 1300 1.49611e-05 948.683
100 1350 1.48174e-05 965.66
100 1400 1.46674e-05 984.886
100 1450 1.44913e-05 1006.23
100 1500 1.43605e-05 1029.56
100 200 1.32577e-05 1204.16
100 1550 1.4173e-05 1054.75
100 1600 1.39864e-05 1081.67
100 1650 1.3817e-05 1110.18
100 1700 1.36296e-05 1140.18
100 1750 1.3438e-05 1171.54
100 1800 1.32577e-05 1204.16
100 1850 1.30718e-05 1237.94
100 1900 1.28861e-05 1272.79
100 250 1.3438e-05 1171.54
100 300 1.36296e-05 1140.18
100 350 1.3817e-05 1110.18
100 400 1.39864e-05 1081.67
100 450 1.4173e-05 1054.75
100 500 1.43605e-05 1029.56
1050 50 1.49385e-05 951.315
1050 100 1.53274e-05 901.388
1050 550 2.17448e-05 452.769
1050 600 2.28435e-05 403.113
1050 650 2.47192e-05 353.553
1050 700 2.62189e-05 304.138
1050 750 2.91286e-05 254.951
1050 800 3.21634e-05 206.155
1050 850 3.50479e-05 158.114
1050 900 4.78713e-05 111.803
1050 950 5.08123e-05 70.7107
1050 1000 6.70941e-05 50
1050 150 1.58073e-05 851.469
1050 1050 5.08123e-05 70.7107
1050 1100 4.78713e-05 111.803
1050 1150 3.50479e-05 158.114
1050 1200 3.21634e-05 206.155
1050 1250 2.91286e-05 254.951
1050 1300 2.62189e-05 304.138
1050 1350 2.47192e-05 353.553
1050 1400 2.28435e-05 403.113
1050 1450 2.17448e-05 452.769
1050 1500 2.04982e-05 502.494
1050 200 1.62645e-05 801.561
1050 1550 1.96452e-05 552.268
1050 1600 1.87411e-05 602.08
1050 1650 1.80677e-05 651.92
1050 1700 1.73874e-05 701.783
1050 1750 1.6821e-05 751.665
1050 1800 1.62645e-05 801.561
1050 1850 1.58073e-05 851.469
1050 1900 1.53274e-05 901.388
1050 250 1.6821e-05 751.665
1050 300 1.73874e-05 701.783
1050 350 1.80677e-05 651.92
1050 400 1.87411e-05 602.08
1050 450 1.96452e-05 552.268
1050 500 2.04982e-05 502.494
1100 50 1.4905e-05 955.249
1100 100 1.52713e-05 905.539
1100 550 2.15805e-05 460.977
1100 600 2.25901e-05 412.311
1100 650 2.43805e-05 364.005
1100 700 2.57701e-05 316.228
1100 750 2.8338e-05 269.258
1100 800 3.11114e-05 223.607
1100 850 3.3926e-05 180.278
1100 900 3.78324e-05 141.421
1100 950 4.78713e-05 111.803
1100 1000 4.69065e-05 100
1100 150 1.5761e-05 855.862
1100 1050 4.78713e-05 111.803
1100 1100 3.78324e-05 141.421
1100 1150 3.3926e-05 180.278
1100 1200 3.11114e-05 223.607
1100 1250 2.8338e-05 269.258
1100 1300 2.57701e-05 316.228
1100 1350 2.43805e-05 364.005
1100 1400 2.25901e-05 412.311
1100 1450 2.15805e-05 460.977
1100 1500 2.03525e-05 509.902
1100 200 1.6206e-05 806.226
1100 1550 1.95472e-05 559.017
1100 1600 1.86649e-05 608.276
1100 1650 1.8002e-05 657.647
1100 1700 1.73157e-05 707.107
1100 1750 1.67819e-05 756.637
1100 1800 1.6206e-05 806.226
1100 1850 1.5761e-05 855.862
1100 1900 1.52713e-05 905.539
1100 250 1.67819e-05 756.637
1100 300 1.73157e-05 707.107
1100 350 1.8002e-05 657.647
1100 400 1.86649e-05 608.276
1100 450 1.95472e-05 559.017
1100 500 2.03525e-05 509.902
1150 50 1.4849e-05 961.769
1150 100 1.5221e-05 912.414
1150 550 2.12803e-05 474.342
1150 600 2.22534e-05 427.2
1150 650 2.37016e-05 380.789
1150 700 2.53445e-05 335.41
1150 750 2.68492e-05 291.548
1150 800 2.93747e-05 250
1150 850 3.18252e-05 212.132
1150 900 3.3926e-05 180.278
1150 950 3.50479e-05 158.114
1150 1000 3.56587e-05 150
1150 150 1.56856e-05 863.134
1150 1050 3.50479e-05 158.114
1150 1100 3.3926e-05 180.278
1150 1150 3.18252e-05 212.132
1150 1200 2.93747e-05 250
1150 1250 2.68492e-05 291.548
1150 1300 2.53445e-05 335.41
1150 1350 2.37016e-05 380.789
1150 1400 2.22534e-05 427.2
1150 1450 2.12803e-05 474.342
1150 1500 2.01332e-05 522.015
1150 200 1.61151e-05 813.941
1150 1550 1.9379e-05 570.088
1150 1600 1.85051e-05 618.466
1150 1650 1.78677e-05 667.083
1150 1700 1.72057e-05 715.891
1150 1750 1.66753e-05 764.853
1150 1800 1.61151e-05 813.941
1150 1850 1.56856e-05 863.134
1150 1900 1.5221e-05 912.414
1150 250 1.66753e-05 764.853
1150 300 1.72057e-05 715.891
1150 350 1.78677e-05 667.083
1150 400 1.85051e-05 618.466
1150 450 1.9379e-05 570.088
1150 500 2.01332e-05 522.015
1200 50 1.47743e-05 970.824
1200 100 1.51508e-05 921.954
1200 550 2.07176e-05 492.443
1200 600 2.18355e-05 447.214
1200 650 2.28445e-05 403.113
1200 700 2.45016e-05 360.555
1200 750 2.56452e-05 320.156
1200 800 2.74064e-05 282.843
1200 850 2.93747e-05 250
1200 900 3.11114e-05 223.607
1200 950 3.21634e-05 206.155
1200 1000 3.24113e-05 200
1200 150 1.55845e-05 873.212
1200 1050 3.21634e-05 206.155
1200 1100 3.11114e-05 223.607
1200 1150 2.93747e-05 250
1200 1200 2.74064e-05 282.843
1200 1250 2.56452e-05 320.156
1200 1300 2.45016e-05 360.555
1200 1350 2.28445e-05 403.113
1200 1400 2.18355e-05 447.214
1200 1450 2.07176e-05 492.443
1200 1500 1.98627e-05 538.516
1200 200 1.60182e-05 824.621
1200 1550 1.90334e-05 585.235
1200 1600 1.82916e-05 632.456
1200 1650 1.76666e-05 680.074
1200 1700 1.70516e-05 728.011
1200 1750 1.65329e-05 776.209
1200 1800 1.60182e-05 824.621
1200 1850 1.55845e-05 873.212
1200 1900 1.51508e-05 921.954
1200 250 1.65329e-05 776.209
1200 300 1.70516e-05 728.011
1200 350 1.76666e-05 680.074
1200 400 1.82916e-05 632.456
1200 450 1.90334e-05 585.235
1200 500 1.98627e-05 538.516
1250 50 1.46861e-05 982.344
1250 100 1.50872e-05 934.077
1250 550 2.02707e-05 514.782
1250 600 2.13427e-05 471.699
1250 650 2.2195e-05 430.116
1250 700 2.32453e-05 390.512
1250 750 2.47208e-05 353.553
1250 800 2.56452e-05 320.156
1250 850 2.68492e-05 291.548
1250 900 2.8338e-05 269.258
1250 950 2.91286e-05 254.951
1250 1000 2.9373e-05 250
1250 150 1.54621e-05 886.002
1250 1050 2.91286e-05 254.951
1250 1100 2.8338e-05 269.258
1250 1150 2.68492e-05 291.548
1250 1200 2.56452e-05 320.156
1250 1250 2.47208e-05 353.553
1250 1300 2.32453e-05 390.512
1250 1350 2.2195e-05 430.116
1250 1400 2.13427e-05 471.699
1250 1450 2.02707e-05 514.782
1250 1500 1.95478e-05 559.017
1250 200 1.5908e-05 838.153
1250 1550 1.87109e-05 604.152
1250 1600 1.80908e-05 650
1250 1650 1.74371e-05 696.419
1250 1700 1.68992e-05 743.303
1250 1750 1.63896e-05 790.569
1250 1800 1.5908e-05 838.153
1250 1850 1.54621e-05 886.002
1250 1900 1.50872e-05 934.077
1250 250 1.63896e-05 790.569
1250 300 1.68992e-05 743.303
1250 350 1.74371e-05 696.419
1250 400 1.80908e-05 650
1250 450 1.87109e-05 604.152
1250 500 1.95478e-05 559.017
1300 50 1.45783e-05 996.243
1300 100 1.49611e-05 948.683
1300 550 1.97991e-05 540.833
1300 600 2.0551e-05 500
1300 650 2.15817e-05 460.977
1300 700 2.23138e-05 424.264
1300 750 2.32453e-05 390.512
1300 800 2.45016e-05 360.555
1300 850 2.53445e-05 335.41
1300 900 2.57701e-05 316.228
1300 950 2.62189e-05 304.138
1300 1000 2.64114e-05 300
1300 150 1.53265e-05 901.388
1300 1050 2.62189e-05 304.138
1300 1100 2.57701e-05 316.228
1300 1150 2.53445e-05 335.41
1300 1200 2.45016e-05 360.555
1300 1250 2.32453e-05 390.512
1300 1300 2.23138e-05 424.264
1300 1350 2.15817e-05 460.977
1300 1400 2.0551e-05 500
1300 1450 1.97991e-05 540.833
1300 1500 1.9074e-05 583.095
1300 200 1.57778e-05 854.4
1300 1550 1.83887e-05 626.498
1300 1600 1.78083e-05 670.82
1300 1650 1.72047e-05 715.891
1300 1700 1.67176e-05 761.577
1300 1750 1.61903e-05 807.775
1300 1800 1.57778e-05 854.4
1300 1850 1.53265e-05 901.388
1300 1900 1.49611e-05 948.683
1300 250 1.61903e-05 807.775
1300 300 1.67176e-05 761.577
1300 350 1.72047e-05 715.891
1300 400 1.78083e-05 670.82
1300 450 1.83887e-05 626.498
1300 500 1.9074e-05 583.095
1350 50 1.44784e-05 1012.42
1350 100 1.48174e-05 965.66
1350 550 1.93792e-05 570.088
1350 600 1.99764e-05 531.507
1350 650 2.06599e-05 494.975
1350 700 2.15817e-05 460.977
1350 750 2.2195e-05 430.116
1350 800 2.28445e-05 403.113
1350 850 2.37016e-05 380.789
1350 900 2.43805e-05 364.005
1350 950 2.47192e-05 353.553
1350 1000 2.48494e-05 350
1350 150 1.51697e-05 919.239
1350 1050 2.47192e-05 353.553
1350 1100 2.43805e-05 364.005
1350 1150 2.37016e-05 380.789
1350 1200 2.28445e-05 403.113
1350 1250 2.2195e-05 430.116
1350 1300 2.15817e-05 460.977
1350 1350 2.06599e-05 494.975
1350 1400 1.99764e-05 531.507
1350 1450 1.93792e-05 570.088
1350 1500 1.86313e-05 610.328
1350 200 1.55834e-05 873.212
1350 1550 1.80688e-05 651.92
1350 1600 1.74607e-05 694.622
1350 1650 1.6947e-05 738.241
1350 1700 1.64579e-05 782.624
1350 1750 1.59931e-05 827.647
1350 1800 1.55834e-05 873.212
1350 1850 1.51697e-05 919.239
1350 1900 1.48174e-05 965.66
1350 250 1.59931e-05 827.647
1350 300 1.64579e-05 782.624
1350 350 1.6947e-05 738.241
1350 400 1.74607e-05 694.622
1350 450 1.80688e-05 651.92
1350 500 1.86313e-05 610.328
1400 50 1.43522e-05 1030.78
1400 100 1.46674e-05 984.886
1400 550 1.87425e-05 602.08
1400 600 1.94486e-05 565.685
1400 650 1.99764e-05 531.507
1400 700 2.0551e-05 500
1400 750 2.13427e-05 471.699
1400 800 2.18355e-05 447.214
1400 850 2.22534e-05 427.2
1400 900 2.25901e-05 412.311
1400 950 2.28435e-05 403.113
1400 1000 2.29358e-05 400
1400 150 1.50429e-05 939.415
1400 1050 2.28435e-05 403.113
1400 1100 2.25901e-05 412.311
1400 1150 2.22534e-05 427.2
1400 1200 2.18355e-05 447.214
1400 1250 2.13427e-05 471.699
1400 1300 2.0551e-05 500
1400 1350 1.99764e-05 531.507
1400 1400 1.94486e-05 565.685
1400 1450 1.87425e-05 602.08
1400 1500 1.81993e-05 640.312
1400 200 1.53889e-05 894.427
1400 1550 1.76679e-05 680.074
1400 1600 1.71398e-05 721.11
1400 1650 1.66966e-05 763.217
1400 1700 1.62069e-05 806.226
1400 1750 1.58239e-05 850
1400 1800 1.53889e-05 894.427
1400 1850 1.50429e-05 939.415
1400 1900 1.46674e-05 984.886
1400 250 1.58239e-05 850
1400 300 1.62069e-05 806.226
1400 350 1.66966e-05 763.217
1400 400 1.71398e-05 721.11
1400 450 1.76679e-05 680.074
1400 500 1.81993e-05 640.312
1450 50 1.41994e-05 1051.19
1450 100 1.44913e-05 1006.23
1450 550 1.82443e-05 636.396
1450 600 1.87425e-05 602.08
1450 650 1.93792e-05 570.088
1450 700 1.97991e-05 540.833
1450 750 2.02707e-05 514.782
1450 800 2.07176e-05 492.443
1450 850 2.12803e-05 474.342
1450 900 2.15805e-05 460.977
1450 950 2.17448e-05 452.769
1450 1000 2.17855e-05 450
1450 150 1.48506e-05 961.769
1450 1050 2.17448e-05 452.769
1450 1100 2.15805e-05 460.977
1450 1150 2.12803e-05 474.342
1450 1200 2.07176e-05 492.443
1450 1250 2.02707e-05 514.782
1450 1300 1.97991e-05 540.833
1450 1350 1.93792e-05 570.088
1450 1400 1.87425e-05 602.08
1450 1450 1.82443e-05 636.396
1450 1500 1.77806e-05 672.681
1450 200 1.51812e-05 917.878
1450 1550 1.72712e-05 710.634
1450 1600 1.68387e-05 750
1450 1650 1.63907e-05 790.569
1450 1700 1.59564e-05 832.166
1450 1750 1.557e-05 874.643
1450 1800 1.51812e-05 917.878
1450 1850 1.48506e-05 961.769
1450 1900 1.44913e-05 1006.23
1450 250 1.557e-05 874.643
1450 300 1.59564e-05 832.166
1450 350 1.63907e-05 790.569
1450 400 1.68387e-05 750
1450 450 1.72712e-05 710.634
1450 500 1.77806e-05 672.681
1500 50 1.40462e-05 1073.55
1500 100 1.43605e-05 1029.56
1500 550 1.77806e-05 672.681
1500 600 1.81993e-05 640.312
1500 650 1.86313e-05 610.328
1500 700 1.9074e-05 583.095
1500 750 1.95478e-05 559.017
1500 800 1.98627e-05 538.516
1500 850 2.01332e-05 522.015
1500 900 2.03525e-05 509.902
1500 950 2.04982e-05 502.494
1500 1000 2.05497e-05 500
1500 150 1.46574e-05 986.154
1500 1050 2.04982e-05 502.494
1500 1100 2.03525e-05 509.902
1500 1150 2.01332e-05 522.015
1500 1200 1.98627e-05 538.516
1500 1250 1.95478e-05 559.017
1500 1300 1.9074e-05 583.095
1500 1350 1.86313e-05 610.328
1500 1400 1.81993e-05 640.312
1500 1450 1.77806e-05 672.681
1500 1500 1.73178e-05 707.107
1500 200 1.50087e-05 943.398
1500 1550 1.69007e-05 743.303
1500 1600 1.64769e-05 781.025
1500 1650 1.60583e-05 820.061
1500 1700 1.57178e-05 860.233
1500 1750 1.53271e-05 901.388
1500 1800 1.50087e-05 943.398
1500 1850 1.46574e-05 986.154
1500 1900 1.43605e-05 1029.56
1500 250 1.53271e-05 901.388
1500 300 1.57178e-05 860.233
1500 350 1.60583e-05 820.061
1500 400 1.64769e-05 781.025
1500 450 1.69007e-05 743.303
1500 500 1.73178e-05 707.107
150 50 1.28767e-05 1274.75
150 100 1.30718e-05 1237.94
150 550 1.48506e-05 961.769
150 600 1.50429e-05 939.415
150 650 1.51697e-05 919.239
150 700 1.53265e-05 901.388
150 750 1.54621e-05 886.002
150 800 1.55845e-05 873.212
150 850 1.56856e-05 863.134
150 900 1.5761e-05 855.862
150 950 1.58073e-05 851.469
150 1000 1.58231e-05 850
150 150 1.32714e-05 1202.08
150 1050 1.58073e-05 851.469
150 1100 1.5761e-05 855.862
150 1150 1.56856e-05 863.134
150 1200 1.55845e-05 873.212
150 1250 1.54621e-05 886.002
150 1300 1.53265e-05 901.388
150 1350 1.51697e-05 919.239
150 1400 1.50429e-05 939.415
150 1450 1.48506e-05 961.769
150 1500 1.46574e-05 986.154
150 200 1.34623e-05 1167.26
150 1550 1.44784e-05 1012.42
150 1600 1.42805e-05 1040.43
150 1650 1.40691e-05 1070.05
150 1700 1.38714e-05 1101.14
150 1750 1.36722e-05 1133.58
150 1800 1.34623e-05 1167.26
150 1850 1.32714e-05 1202.08
150 1900 1.30718e-05 1237.94
150 250 1.36722e-05 1133.58
150 300 1.38714e-05 1101.14
150 350 1.40691e-05 1070.05
150 400 1.42805e-05 1040.43
150 450 1.44784e-05 1012.42
150 500 1.46574e-05 986.154
1550 50 1.38919e-05 1097.72
1550 100 1.4173e-05 1054.75
1550 550 1.72712e-05 710.634
1550 600 1.76679e-05 680.074
1550 650 1.80688e-05 651.92
1550 700 1.83887e-05 626.498
1550 750 1.87109e-05 604.152
1550 800 1.90334e-05 585.235
1550 850 1.9379e-05 570.088
1550 900 1.95472e-05 559.017
1550 950 1.96452e-05 552.268
1550 1000 1.96761e-05 550
1550 150 1.44784e-05 1012.42
1550 1050 1.96452e-05 552.268
1550 1100 1.95472e-05 559.017
1550 1150 1.9379e-05 570.088
1550 1200 1.90334e-05 585.235
1550 1250 1.87109e-05 604.152
1550 1300 1.83887e-05 626.498
1550 1350 1.80688e-05 651.92
1550 1400 1.76679e-05 680.074
1550 1450 1.72712e-05 710.634
1550 1500 1.69007e-05 743.303
1550 200 1.47755e-05 970.824
1550 1550 1.65154e-05 777.817
1550 1600 1.61142e-05 813.941
1550 1650 1.58086e-05 851.469
1550 1700 1.54259e-05 890.225
1550 1750 1.51228e-05 930.054
1550 1800 1.47755e-05 970.824
1550 1850 1.44784e-05 1012.42
1550 1900 1.4173e-05 1054.75
1550 250 1.51228e-05 930.054
1550 300 1.54259e-05 890.225
1550 350 1.58086e-05 851.469
1550 400 1.61142e-05 813.941
1550 450 1.65154e-05 777.817
1550 500 1.69007e-05 743.303
1600 50 1.37343e-05 1123.61
1600 100 1.39864e-05 1081.67
1600 550 1.68387e-05 750
1600 600 1.71398e-05 721.11
1600 650 1.74607e-05 694.622
1600 700 1.78083e-05 670.82
1600 750 1.80908e-05 650
1600 800 1.82916e-05 632.456
1600 850 1.85051e-05 618.466
1600 900 1.86649e-05 608.276
1600 950 1.87411e-05 602.08
1600 1000 1.87745e-05 600
1600 150 1.42805e-05 1040.43
1600 1050 1.87411e-05 602.08
1600 1100 1.86649e-05 608.276
1600 1150 1.85051e-05 618.466
1600 1200 1.82916e-05 632.456
1600 1250 1.80908e-05 650
1600 1300 1.78083e-05 670.82
1600 1350 1.74607e-05 694.622
1600 1400 1.71398e-05 721.11
1600 1450 1.68387e-05 750
1600 1500 1.64769e-05 781.025
1600 200 1.45533e-05 1000
1600 1550 1.61142e-05 813.941
1600 1600 1.58387e-05 848.528
1600 1650 1.5476e-05 884.59
1600 1700 1.51522e-05 921.954
1600 1750 1.48608e-05 960.469
1600 1800 1.45533e-05 1000
1600 1850 1.42805e-05 1040.43
1600 1900 1.39864e-05 1081.67
1600 250 1.48608e-05 960.469
1600 300 1.51522e-05 921.954
1600 350 1.5476e-05 884.59
1600 400 1.58387e-05 848.528
1600 450 1.61142e-05 813.941
1600 500 1.64769e-05 781.025
1650 50 1.35606e-05 1151.09
1650 100 1.3817e-05 1110.18
1650 550 1.63907e-05 790.569
1650 600 1.66966e-05 763.217
1650 650 1.6947e-05 738.241
1650 700 1.72047e-05 715.891
1650 750 1.74371e-05 696.419
1650 800 1.76666e-05 680.074
1650 850 1.78677e-05 667.083
1650 900 1.8002e-05 657.647
1650 950 1.80677e-05 651.92
1650 1000 1.80894e-05 650
1650 150 1.40691e-05 1070.05
1650 1050 1.80677e-05 651.92
1650 1100 1.8002e-05 657.647
1650 1150 1.78677e-05 667.083
1650 1200 1.76666e-05 680.074
1650 1250 1.74371e-05 696.419
1650 1300 1.72047e-05 715.891
1650 1350 1.6947e-05 738.241
1650 1400 1.66966e-05 763.217
1650 1450 1.63907e-05 790.569
1650 1500 1.60583e-05 820.061
1650 200 1.43519e-05 1030.78
1650 1550 1.58086e-05 851.469
1650 1600 1.5476e-05 884.59
1650 1650 1.51716e-05 919.239
1650 1700 1.49054e-05 955.249
1650 1750 1.4606e-05 992.472
1650 1800 1.43519e-05 1030.78
1650 1850 1.40691e-05 1070.05
1650 1900 1.3817e-05 1110.18
1650 250 1.4606e-05 992.472
1650 300 1.49054e-05 955.249
1650 350 1.51716e-05 919.239
1650 400 1.5476e-05 884.59
1650 450 1.58086e-05 851.469
1650 500 1.60583e-05 820.061
1700 50 1.33897e-05 1180.04
1700 100 1.36296e-05 1140.18
1700 550 1.59564e-05 832.166
1700 600 1.62069e-05 806.226
1700 650 1.64579e-05 782.624
1700 700 1.67176e-05 761.577
1700 750 1.68992e-05 743.303
1700 800 1.70516e-05 728.011
1700 850 1.72057e-05 715.891
1700 900 1.73157e-05 707.107
1700 950 1.73874e-05 701.783
1700 1000 1.7412e-05 700
1700 150 1.38714e-05 1101.14
1700 1050 1.73874e-05 701.783
1700 1100 1.73157e-05 707.107
1700 1150 1.72057e-05 715.891
1700 1200 1.70516e-05 728.011
1700 1250 1.68992e-05 743.303
1700 1300 1.67176e-05 761.577
1700 1350 1.64579e-05 782.624
1700 1400 1.62069e-05 806.226
1700 1450 1.59564e-05 832.166
1700 1500 1.57178e-05 860.233
1700 200 1.41154e-05 1063.01
1700 1550 1.54259e-05 890.225
1700 1600 1.51522e-05 921.954
1700 1650 1.49054e-05 955.249
1700 1700 1.46291e-05 989.949
1700 1750 1.43871e-05 1025.91
1700 1800 1.41154e-05 1063.01
1700 1850 1.38714e-05 1101.14
1700 1900 1.36296e-05 1140.18
1700 250 1.43871e-05 1025.91
1700 300 1.46291e-05 989.949
1700 350 1.49054e-05 955.249
1700 400 1.51522e-05 921.954
1700 450 1.54259e-05 890.225
1700 500 1.57178e-05 860.233
1750 50 1.32212e-05 1210.37
1750 100 1.3438e-05 1171.54
1750 550 1.557e-05 874.643
1750 600 1.58239e-05 850
1750 650 1.59931e-05 827.647
1750 700 1.61903e-05 807.775
1750 750 1.63896e-05 790.569
1750 800 1.65329e-05 776.209
1750 850 1.66753e-05 764.853
1750 900 1.67819e-05 756.637
1750 950 1.6821e-05 751.665
1750 1000 1.68368e-05 750
1750 150 1.36722e-05 1133.58
1750 1050 1.6821e-05 751.665
1750 1100 1.67819e-05 756.637
1750 1150 1.66753e-05 764.853
1750 1200 1.65329e-05 776.209
1750 1250 1.63896e-05 790.569
1750 1300 1.61903e-05 807.775
1750 1350 1.59931e-05 827.647
1750 1400 1.58239e-05 850
1750 1450 1.557e-05 874.643
1750 1500 1.53271e-05 901.388
1750 200 1.38995e-05 1096.59
1750 1550 1.51228e-05 930.054
1750 1600 1.48608e-05 960.469
1750 1650 1.4606e-05 992.472
1750 1700 1.43871e-05 1025.91
1750 1750 1.41314e-05 1060.66
1750 1800 1.38995e-05 1096.59
1750 1850 1.36722e-05 1133.58
1750 1900 1.3438e-05 1171.54
1750 250 1.41314e-05 1060.66
1750 300 1.43871e-05 1025.91
1750 350 1.4606e-05 992.472
1750 400 1.48608e-05 960.469
1750 450 1.51228e-05 930.054
1750 500 1.53271e-05 901.388
1800 50 1.30482e-05 1241.97
1800 100 1.32577e-05 1204.16
1800 550 1.51812e-05 917.878
1800 600 1.53889e-05 894.427
1800 650 1.55834e-05 873.212
1800 700 1.57778e-05 854.4
1800 750 1.5908e-05 838.153
1800 800 1.60182e-05 824.621
1800 850 1.61151e-05 813.941
1800 900 1.6206e-05 806.226
1800 950 1.62645e-05 801.561
1800 1000 1.62828e-05 800
1800 150 1.34623e-05 1167.26
1800 1050 1.62645e-05 801.561
1800 1100 1.6206e-05 806.226
1800 1150 1.61151e-05 813.941
1800 1200 1.60182e-05 824.621
1800 1250 1.5908e-05 838.153
1800 1300 1.57778e-05 854.4
1800 1350 1.55834e-05 873.212
1800 1400 1.53889e-05 894.427
1800 1450 1.51812e-05 917.878
1800 1500 1.50087e-05 943.398
1800 200 1.36852e-05 1131.37
1800 1550 1.47755e-05 970.824
1800 1600 1.45533e-05 1000
1800 1650 1.43519e-05 1030.78
1800 1700 1.41154e-05 1063.01
1800 1750 1.38995e-05 1096.59
1800 1800 1.36852e-05 1131.37
1800 1850 1.34623e-05 1167.26
1800 1900 1.32577e-05 1204.16
1800 250 1.38995e-05 1096.59
1800 300 1.41154e-05 1063.01
1800 350 1.43519e-05 1030.78
1800 400 1.45533e-05 1000
1800 450 1.47755e-05 970.824
1800 500 1.50087e-05 943.398
1850 50 1.28767e-05 1274.75
1850 100 1.30718e-05 1237.94
1850 550 1.48506e-05 961.769
1850 600 1.50429e-05 939.415
1850 650 1.51697e-05 919.239
1850 700 1.53265e-05 901.388
1850 750 1.54621e-05 886.002
1850 800 1.55845e-05 873.212
1850 850 1.56856e-05 863.134
1850 900 1.5761e-05 855.862
1850 950 1.58073e-05 851.469
1850 1000 1.58231e-05 850
1850 150 1.32714e-05 1202.08
1850 1050 1.58073e-05 851.469
1850 1100 1.5761e-05 855.862
1850 1150 1.56856e-05 863.134
1850 1200 1.55845e-05 873.212
1850 1250 1.54621e-05 886.002
1850 1300 1.53265e-05 901.388
1850 1350 1.51697e-05 919.239
1850 1400 1.50429e-05 939.415
1850 1450 1.48506e-05 961.769
1850 1500 1.46574e-05 986.154
1850 200 1.34623e-05 1167.26
1850 1550 1.44784e-05 1012.42
1850 1600 1.42805e-05 1040.43
1850 1650 1.40691e-05 1070.05
1850 1700 1.38714e-05 1101.14
1850 1750 1.36722e-05 1133.58
1850 1800 1.34623e-05 1167.26
1850 1850 1.32714e-05 1202.08
1850 1900 1.30718e-05 1237.94
1850 250 1.36722e-05 1133.58
1850 300 1.38714e-05 1101.14
1850 350 1.40691e-05 1070.05
1850 400 1.42805e-05 1040.43
1850 450 1.44784e-05 1012.42
1850 500 1.46574e-05 986.154
1900 50 1.27186e-05 1308.63
1900 100 1.28861e-05 1272.79
1900 550 1.44913e-05 1006.23
1900 600 1.46674e-05 984.886
1900 650 1.48174e-05 965.66
1900 700 1.49611e-05 948.683
1900 750 1.50872e-05 934.077
1900 800 1.51508e-05 921.954
1900 850 1.5221e-05 912.414
1900 900 1.52713e-05 905.539
1900 950 1.53274e-05 901.388
1900 1000 1.53385e-05 900
1900 150 1.30718e-05 1237.94
1900 1050 1.53274e-05 901.388
1900 1100 1.52713e-05 905.539
1900 1150 1.5221e-05 912.414
1900 1200 1.51508e-05 921.954
1900 1250 1.50872e-05 934.077
1900 1300 1.49611e-05 948.683
1900 1350 1.48174e-05 965.66
1900 1400 1.46674e-05 984.886
1900 1450 1.44913e-05 1006.23
1900 1500 1.43605e-05 1029.56
1900 200 1.32577e-05 1204.16
1900 1550 1.4173e-05 1054.75
1900 1600 1.39864e-05 1081.67
1900 1650 1.3817e-05 1110.18
1900 1700 1.36296e-05 1140.18
1900 1750 1.3438e-05 1171.54
1900 1800 1.32577e-05 1204.16
1900 1850 1.30718e-05 1237.94
1900 1900 1.28861e-05 1272.79
1900 250 1.3438e-05 1171.54
1900 300 1.36296e-05 1140.18
1900 350 1.3817e-05 1110.18
1900 400 1.39864e-05 1081.67
1900 450 1.4173e-05 1054.75
1900 500 1.43605e-05 1029.56
200 50 1.30482e-05 1241.97
200 100 1.32577e-05 1204.16
200 550 1.51812e-05 917.878
200 600 1.53889e-05 894.427
200 650 1.55834e-05 873.212
200 700 1.57778e-05 854.4
200 750 1.5908e-05 838.153
200 800 1.60182e-05 824.621
200 850 1.61151e-05 813.941
200 900 1.6206e-05 806.226
200 950 1.62645e-05 801.561
200 1000 1.62828e-05 800
200 150 1.34623e-05 1167.26
200 1050 1.62645e-05 801.561
200 1100 1.6206e-05 806.226
200 1150 1.61151e-05 813.941
200 1200 1.60182e-05 824.621
200 1250 1.5908e-05 838.153
200 1300 1.57778e-05 854.4
200 1350 1.55834e-05 873.212
200 1400 1.53889e-05 894.427
200 1450 1.51812e-05 917.878
200 1500 1.50087e-05 943.398
200 200 1.36852e-05 1131.37
200 1550 1.47755e-05 970.824
200 1600 1.45533e-05 1000
200 1650 1.43519e-05 1030.78
200 1700 1.41154e-05 1063.01
200 1750 1.38995e-05 1096.59
200 1800 1.36852e-05 1131.37
200 1850 1.34623e-05 1167.26
200 1900 1.32577e-05 1204.16
200 250 1.38995e-05 1096.59
200 300 1.41154e-05 1063.01
200 350 1.43519e-05 1030.78
200 400 1.45533e-05 1000
200 450 1.47755e-05 970.824
200 500 1.50087e-05 943.398
250 50 1.32212e-05 1210.37
250 100 1.3438e-05 1171.54
250 550 1.557e-05 874.643
250 600 1.58239e-05 850
250 650 1.59931e-05 827.647
250 700 1.61903e-05 807.775
250 750 1.63896e-05 790.569
250 800 1.65329e-05 776.209
250 850 1.66753e-05 764.853
250 900 1.67819e-05 756.637
250 950 1.6821e-05 751.665
250 1000 1.68368e-05 750
250 150 1.36722e-05 1133.58
250 1050 1.6821e-05 751.665
250 1100 1.67819e-05 756.637
250 1150 1.66753e-05 764.853
250 1200 1.65329e-05 776.209
250 1250 1.63896e-05 790.569
250 1300 1.61903e-05 807.775
250 1350 1.59931e-05 827.647
250 1400 1.58239e-05 850
250 1450 1.557e-05 874.643
250 1500 1.53271e-05 901.388
250 200 1.38995e-05 1096.59
250 1550 1.51228e-05 930.054
250 1600 1.48608e-05 960.469
250 1650 1.4606e-05 992.472
250 1700 1.43871e-05 1025.91
250 1750 1.41314e-05 1060.66
250 1800 1.38995e-05 1096.59
250 1850 1.36722e-05 1133.58
250 1900 1.3438e-05 1171.54
250 250 1.41314e-05 1060.66
250 300 1.43871e-05 1025.91
250 350 1.4606e-05 992.472
250 400 1.48608e-05 960.469
250 450 1.51228e-05 930.054
250 500 1.53271e-05 901.388
300 50 1.33897e-05 1180.04
300 100 1.36296e-05 1140.18
300 550 1.59564e-05 832.166
300 600 1.62069e-05 806.226
300 650 1.64579e-05 782.624
300 700 1.67176e-05 761.577
300 750 1.68992e-05 743.303
300 800 1.70516e-05 728.011
300 850 1.72057e-05 715.891
300 900 1.73157e-05 707.107
300 950 1.73874e-05 701.783
300 1000 1.7412e-05 700
300 150 1.38714e-05 1101.14
300 1050 1.73874e-05 701.783
300 1100 1.73157e-05 707.107
300 1150 1.72057e-05 715.891
300 1200 1.70516e-05 728.011
300 1250 1.68992e-05 743.303
300 1300 1.67176e-05 761.577
300 1350 1.64579e-05 782.624
300 1400 1.62069e-05 806.226
300 1450 1.59564e-05 832.166
300 1500 1.57178e-05 860.233
300 200 1.41154e-05 1063.01
300 1550 1.54259e-05 890.225
300 1600 1.51522e-05 921.954
300 1650 1.49054e-05 955.249
300 1700 1.46291e-05 989.949
300 1750 1.43871e-05 1025.91
300 1800 1.41154e-05 1063.01
300 1850 1.38714e-05 1101.14
300 1900 1.36296e-05 1140.18
300 250 1.43871e-05 1025.91
300 300 1.46291e-05 989.949
300 350 1.49054e-05 955.249
300 400 1.51522e-05 921.954
300 450 1.54259e-05 890.225
300 500 1.57178e-05 860.233
350 50 1.35606e-05 1151.09
350 100 1.3817e-05 1110.18
350 550 1.63907e-05 790.569
350 600 1.66966e-05 763.217
350 650 1.6947e-05 738.241
350 700 1.72047e-05 715.891
350 750 1.74371e-05 696.419
350 800 1.76666e-05 680.074
350 850 1.78677e-05 667.083
350 900 1.8002e-05 657.647
350 950 1.80677e-05 651.92
350 1000 1.80894e-05 650
350 150 1.40691e-05 1070.05
350 1050 1.80677e-05 651.92
350 1100 1.8002e-05 657.647
350 1150 1.78677e-05 667.083
350 1200 1.76666e-05 680.074
350 1250 1.74371e-05 696.419
350 1300 1.72047e-05 715.891
350 1350 1.6947e-05 738.241
350 1400 1.66966e-05 763.217
350 1450 1.63907e-05 790.569
350 1500 1.60583e-05 820.061
350 200 1.43519e-05 1030.78
350 1550 1.58086e-05 851.469
350 1600 1.5476e-05 884.59
350 1650 1.51716e-05 919.239
350 1700 1.49054e-05 955.249
350 1750 1.4606e-05 992.472
350 1800 1.43519e-05 1030.78
350 1850 1.40691e-05 1070.05
350 1900 1.3817e-05 1110.18
350 250 1.4606e-05 992.472
350 300 1.49054e-05 955.249
350 350 1.51716e-05 919.239
350 400 1.5476e-05 884.59
350 450 1.58086e-05 851.469
350 500 1.60583e-05 820.061
400 50 1.37343e-05 1123.61
400 100 1.39864e-05 1081.67
400 550 1.68387e-05 750
400 600 1.71398e-05 721.11
400 650 1.74607e-05 694.622
400 700 1.78083e-05 670.82
400 750 1.80908e-05 650
400 800 1.82916e-05 632.456
400 850 1.85051e-05 618.466
400 900 1.86649e-05 608.276
400 950 1.87411e-05 602.08
400 1000 1.87745e-05 600
400 150 1.42805e-05 1040.43
400 1050 1.87411e-05 602.08
400 1100 1.86649e-05 608.276
400 1150 1.85051e-05 618.466
400 1200 1.82916e-05 632.456
400 1250 1.80908e-05 650
400 1300 1.78083e-05 670.82
400 1350 1.74607e-05 694.622
400 1400 1.71398e-05 721.11
400 1450 1.68387e-05 750
400 1500 1.64769e-05 781.025
400 200 1.45533e-05 1000
400 1550 1.61142e-05 813.941
400 1600 1.58387e-05 848.528
400 1650 1.5476e-05 884.59
400 1700 1.51522e-05 921.954
400 1750 1.48608e-05 960.469
400 1800 1.45533e-05 1000
400 1850 1.42805e-05 1040.43
400 1900 1.39864e-05 1081.67
400 250 1.48608e-05 960.469
400 300 1.51522e-05 921.954
400 350 1.5476e-05 884.59
400 400 1.58387e-05 848.528
400 450 1.61142e-05 813.941
400 500 1.64769e-05 781.025
450 50 1.38919e-05 1097.72
450 100 1.4173e-05 1054.75
450 550 1.72712e-05 710.634
450 600 1.76679e-05 680.074
450 650 1.80688e-05 651.92
450 700 1.83887e-05 626.498
450 750 1.87109e-05 604.152
450 800 1.90334e-05 585.235
450 850 1.9379e-05 570.088
450 900 1.95472e-05 559.017
450 950 1.96452e-05 552.268
450 1000 1.96761e-05 550
450 150 1.44784e-05 1012.42
450 1050 1.96452e-05 552.268
450 1100 1.95472e-05 559.017
450 1150 1.9379e-05 570.088
450 1200 1.90334e-05 585.235
450 1250 1.87109e-05 604.152
450 1300 1.83887e-05 626.498
450 1350 1.80688e-05 651.92
450 1400 1.76679e-05 680.074
450 1450 1.72712e-05 710.634
450 1500 1.69007e-05 743.303
450 200 1.47755e-05 970.824
450 1550 1.65154e-05 777.817
450 1600 1.61142e-05 813.941
450 1650 1.58086e-05 851.469
450 1700 1.54259e-05 890.225
450 1750 1.51228e-05 930.054
450 1800 1.47755e-05 970.824
450 1850 1.44784e-05 1012.42
450 1900 1.4173e-05 1054.75
450 250 1.51228e-05 930.054
450 300 1.54259e-05 890.225
450 350 1.58086e-05 851.469
450 400 1.61142e-05 813.941
450 450 1.65154e-05 777.817
450 500 1.69007e-05 743.303
500 50 1.40462e-05 1073.55
500 100 1.43605e-05 1029.56
500 550 1.77806e-05 672.681
500 600 1.81993e-05 640.312
500 650 1.86313e-05 610.328
500 700 1.9074e-05 583.095
500 750 1.95478e-05 559.017
500 800 1.98627e-05 538.516
500 850 2.01332e-05 522.015
500 900 2.03525e-05 509.902
500 950 2.04982e-05 502.494
500 1000 2.05497e-05 500
500 150 1.46574e-05 986.154
500 1050 2.04982e-05 502.494
500 1100 2.03525e-05 509.902
500 1150 2.01332e-05 522.015
500 1200 1.98627e-05 538.516
500 1250 1.95478e-05 559.017
500 1300 1.9074e-05 583.095
500 1350 1.86313e-05 610.328
500 1400 1.81993e-05 640.312
500 1450 1.77806e-05 672.681
500 1500 1.73178e-05 707.107
500 200 1.50087e-05 943.398
500 1550 1.69007e-05 743.303
500 1600 1.64769e-05 781.025
500 1650 1.60583e-05 820.061
500 1700 1.57178e-05 860.233
500 1750 1.53271e-05 901.388
500 1800 1.50087e-05 943.398
500 1850 1.46574e-05 986.154
500 1900 1.43605e-05 1029.56
500 250 1.53271e-05 901.388
500 300 1.57178e-05 860.233
500 350 1.60583e-05 820.061
500 400 1.64769e-05 781.025
500 450 1.69007e-05 743.303
500 500 1.73178e-05 707.107
