50 50 445.675 1343.5
50 100 433.698 1308.63
50 550 348.493 1051.19
50 600 341.619 1030.78
50 650 335.565 1012.42
50 700 330.194 996.243
50 750 325.675 982.344
50 800 321.871 970.824
50 850 318.867 961.769
50 900 316.694 955.249
50 950 315.381 951.315
50 1000 314.939 950
50 150 422.608 1274.75
50 1050 315.381 951.315
50 1100 316.694 955.249
50 1150 318.867 961.769
50 1200 321.871 970.824
50 1250 325.675 982.344
50 1300 330.194 996.243
50 1350 335.565 1012.42
50 1400 341.619 1030.78
50 1450 348.493 1051.19
50 1500 355.892 1073.55
50 200 411.715 1241.97
50 1550 363.847 1097.72
50 1600 372.385 1123.61
50 1650 381.569 1151.09
50 1700 391.185 1180.04
50 1750 401.224 1210.37
50 1800 411.715 1241.97
50 1850 422.608 1274.75
50 1900 433.698 1308.63
50 250 401.224 1210.37
50 300 391.185 1180.04
50 350 381.569 1151.09
50 400 372.385 1123.61
50 450 363.847 1097.72
50 500 355.892 1073.55
550 50 348.493 1051.19
550 100 333.51 1006.23
550 550 211.018 636.396
550 600 199.38 602.08
550 650 188.976 570.088
550 700 179.608 540.833
550 750 170.52 514.782
550 800 162.811 492.443
550 850 156.951 474.342
550 900 152.827 460.977
550 950 150.543 452.769
550 1000 149.686 450
550 150 318.863 961.769
550 1050 150.543 452.769
550 1100 152.827 460.977
550 1150 156.951 474.342
550 1200 162.811 492.443
550 1250 170.52 514.782
550 1300 179.608 540.833
550 1350 188.976 570.088
550 1400 199.38 602.08
550 1450 211.018 636.396
550 1500 222.989 672.681
550 200 304.209 917.878
550 1550 235.441 710.634
550 1600 248.685 750
550 1650 262.105 790.569
550 1700 275.833 832.166
550 1750 290.01 874.643
550 1800 304.209 917.878
550 1850 318.863 961.769
550 1900 333.51 1006.23
550 250 290.01 874.643
550 300 275.833 832.166
550 350 262.105 790.569
550 400 248.685 750
550 450 235.441 710.634
550 500 222.989 672.681
600 50 341.619 1030.78
600 100 326.514 984.886
600 550 199.38 602.08
600 600 187.569 565.685
600 650 176.402 531.507
600 700 165.374 500
600 750 156.129 471.699
600 800 148.819 447.214
600 850 142.233 427.2
600 900 136.919 412.311
600 950 133.527 403.113
600 1000 132.354 400
600 150 311.324 939.415
600 1050 133.527 403.113
600 1100 136.919 412.311
600 1150 142.233 427.2
600 1200 148.819 447.214
600 1250 156.129 471.699
600 1300 165.374 500
600 1350 176.402 531.507
600 1400 187.569 565.685
600 1450 199.38 602.08
600 1500 212.358 640.312
600 200 296.435 894.427
600 1550 225.388 680.074
600 1600 238.95 721.11
600 1650 253.035 763.217
600 1700 267.165 806.226
600 1750 281.837 850
600 1800 296.435 894.427
600 1850 311.324 939.415
600 1900 326.514 984.886
600 250 281.837 850
600 300 267.165 806.226
600 350 253.035 763.217
600 400 238.95 721.11
600 450 225.388 680.074
600 500 212.358 640.312
650 50 335.565 1012.42
650 100 320.151 965.66
650 550 188.976 570.088
650 600 176.402 531.507
650 650 163.667 494.975
650 700 152.83 460.977
650 750 143.237 430.116
650 800 133.531 403.113
650 850 125.504 380.789
650 900 120.056 364.005
650 950 116.874 353.553
650 1000 115.81 350
650 150 304.658 919.239
650 1050 116.874 353.553
650 1100 120.056 364.005
650 1150 125.504 380.789
650 1200 133.531 403.113
650 1250 143.237 430.116
650 1300 152.83 460.977
650 1350 163.667 494.975
650 1400 176.402 531.507
650 1450 188.976 570.088
650 1500 202.126 610.328
650 200 289.537 873.212
650 1550 216.222 651.92
650 1600 230.136 694.622
650 1650 244.74 738.241
650 1700 259.506 782.624
650 1750 274.31 827.647
650 1800 289.537 873.212
650 1850 304.658 919.239
650 1900 320.151 965.66
650 250 274.31 827.647
650 300 259.506 782.624
650 350 244.74 738.241
650 400 230.136 694.622
650 450 216.222 651.92
650 500 202.126 610.328
700 50 330.194 996.243
700 100 314.521 948.683
700 550 179.608 540.833
700 600 165.374 500
700 650 152.83 460.977
700 700 141.216 424.264
700 750 128.916 390.512
700 800 118.995 360.555
700 850 111.437 335.41
700 900 105.673 316.228
700 950 101.723 304.138
700 1000 100.263 300
700 150 298.742 901.388
700 1050 101.723 304.138
700 1100 105.673 316.228
700 1150 111.437 335.41
700 1200 118.995 360.555
700 1250 128.916 390.512
700 1300 141.216 424.264
700 1350 152.83 460.977
700 1400 165.374 500
700 1450 179.608 540.833
700 1500 193.146 583.095
700 200 283.271 854.4
700 1550 207.63 626.498
700 1600 222.383 670.82
700 1650 237.195 715.891
700 1700 252.497 761.577
700 1750 267.675 807.775
700 1800 283.271 854.4
700 1850 298.742 901.388
700 1900 314.521 948.683
700 250 267.675 807.775
700 300 252.497 761.577
700 350 237.195 715.891
700 400 222.383 670.82
700 450 207.63 626.498
700 500 193.146 583.095
750 50 325.675 982.344
750 100 309.621 934.077
750 550 170.52 514.782
750 600 156.129 471.699
750 650 143.237 430.116
750 700 128.916 390.512
750 750 116.877 353.553
750 800 106.792 320.156
750 850 97.1345 291.548
750 900 88.6841 269.258
750 950 83.7671 254.951
750 1000 82.1026 250
750 150 293.752 886.002
750 1050 83.7671 254.951
750 1100 88.6841 269.258
750 1150 97.1345 291.548
750 1200 106.792 320.156
750 1250 116.877 353.553
750 1300 128.916 390.512
750 1350 143.237 430.116
750 1400 156.129 471.699
750 1450 170.52 514.782
750 1500 185.438 559.017
750 200 277.842 838.153
750 1550 200.07 604.152
750 1600 215.557 650
750 1650 230.719 696.419
750 1700 246.449 743.303
750 1750 262.099 790.569
750 1800 277.842 838.153
750 1850 293.752 886.002
750 1900 309.621 934.077
750 250 262.099 790.569
750 300 246.449 743.303
750 350 230.719 696.419
750 400 215.557 650
750 450 200.07 604.152
750 500 185.438 559.017
800 50 321.871 970.824
800 100 305.565 921.954
800 550 162.811 492.443
800 600 148.819 447.214
800 650 133.531 403.113
800 700 118.995 360.555
800 750 106.792 320.156
800 800 93.7839 282.843
800 850 82.1051 250
800 900 73.6728 223.607
800 950 69.3076 206.155
800 1000 67.7085 200
800 150 289.535 873.212
800 1050 69.3076 206.155
800 1100 73.6728 223.607
800 1150 82.1051 250
800 1200 93.7839 282.843
800 1250 106.792 320.156
800 1300 118.995 360.555
800 1350 133.531 403.113
800 1400 148.819 447.214
800 1450 162.811 492.443
800 1500 178.816 538.516
800 200 273.292 824.621
800 1550 193.835 585.235
800 1600 209.668 632.456
800 1650 225.385 680.074
800 1700 241.275 728.011
800 1750 257.285 776.209
800 1800 273.292 824.621
800 1850 289.535 873.212
800 1900 305.565 921.954
800 250 257.285 776.209
800 300 241.275 728.011
800 350 225.385 680.074
800 400 209.668 632.456
800 450 193.835 585.235
800 500 178.816 538.516
850 50 318.867 961.769
850 100 302.386 912.414
850 550 156.951 474.342
850 600 142.233 427.2
850 650 125.504 380.789
850 700 111.437 335.41
850 750 97.1345 291.548
850 800 82.1051 250
850 850 70.7028 212.132
850 900 60.2266 180.278
850 950 51.7602 158.114
850 1000 49.6168 150
850 150 286.184 863.134
850 1050 51.7602 158.114
850 1100 60.2266 180.278
850 1150 70.7028 212.132
850 1200 82.1051 250
850 1250 97.1345 291.548
850 1300 111.437 335.41
850 1350 125.504 380.789
850 1400 142.233 427.2
850 1450 156.951 474.342
850 1500 173.071 522.015
850 200 269.723 813.941
850 1550 188.971 570.088
850 1600 204.883 618.466
850 1650 221.169 667.083
850 1700 237.192 715.891
850 1750 253.567 764.853
850 1800 269.723 813.941
850 1850 286.184 863.134
850 1900 302.386 912.414
850 250 253.567 764.853
850 300 237.192 715.891
850 350 221.169 667.083
850 400 204.883 618.466
850 450 188.971 570.088
850 500 173.071 522.015
900 50 316.694 955.249
900 100 300.106 905.539
900 550 152.827 460.977
900 600 136.919 412.311
900 650 120.056 364.005
900 700 105.673 316.228
900 750 88.6841 269.258
900 800 73.6728 223.607
900 850 60.2266 180.278
900 900 47.3185 141.421
900 950 36.3599 111.803
900 1000 32.4318 100
900 150 283.752 855.862
900 1050 36.3599 111.803
900 1100 47.3185 141.421
900 1150 60.2266 180.278
900 1200 73.6728 223.607
900 1250 88.6841 269.258
900 1300 105.673 316.228
900 1350 120.056 364.005
900 1400 136.919 412.311
900 1450 152.827 460.977
900 1500 168.798 509.902
900 200 267.159 806.226
900 1550 185.436 559.017
900 1600 201.432 608.276
900 1650 218.094 657.647
900 1700 234.258 707.107
900 1750 250.869 756.637
900 1800 267.159 806.226
900 1850 283.752 855.862
900 1900 300.106 905.539
900 250 250.869 756.637
900 300 234.258 707.107
900 350 218.094 657.647
900 400 201.432 608.276
900 450 185.436 559.017
900 500 168.798 509.902
950 50 315.381 951.315
950 100 298.738 901.388
950 550 150.543 452.769
950 600 133.527 403.113
950 650 116.874 353.553
950 700 101.723 304.138
950 750 83.7671 254.951
950 800 69.3076 206.155
950 850 51.7602 158.114
950 900 36.3599 111.803
950 950 23.7838 70.7107
950 1000 16.9308 50
950 150 282.314 851.469
950 1050 23.7838 70.7107
950 1100 36.3599 111.803
950 1150 51.7602 158.114
950 1200 69.3076 206.155
950 1250 83.7671 254.951
950 1300 101.723 304.138
950 1350 116.874 353.553
950 1400 133.527 403.113
950 1450 150.543 452.769
950 1500 166.223 502.494
950 200 265.611 801.561
950 1550 183.436 552.268
950 1600 199.374 602.08
950 1650 216.215 651.92
950 1700 232.495 701.783
950 1750 249.227 751.665
950 1800 265.611 801.561
950 1850 282.314 851.469
950 1900 298.738 901.388
950 250 249.227 751.665
950 300 232.495 701.783
950 350 216.215 651.92
950 400 199.374 602.08
950 450 183.436 552.268
950 500 166.223 502.494
1000 50 314.939 950
1000 100 298.282 900
1000 550 149.686 450
1000 600 132.354 400
1000 650 115.81 350
1000 700 100.263 300
1000 750 82.1026 250
1000 800 67.7085 200
1000 850 49.6168 150
1000 900 32.4318 100
1000 950 16.9308 50
1000 150 281.822 850
1000 1050 16.9308 50
1000 1100 32.4318 100
1000 1150 49.6168 150
1000 1200 67.7085 200
1000 1250 82.1026 250
1000 1300 100.263 300
1000 1350 115.81 350
1000 1400 132.354 400
1000 1450 149.686 450
1000 1500 165.368 500
1000 200 265.092 800
1000 1550 182.685 550
1000 1600 198.635 600
1000 1650 215.554 650
1000 1700 231.903 700
1000 1750 248.676 750
1000 1800 265.092 800
1000 1850 281.822 850
1000 1900 298.282 900
1000 250 248.676 750
1000 300 231.903 700
1000 350 215.554 650
1000 400 198.635 600
1000 450 182.685 550
1000 500 165.368 500
100 50 433.698 1308.63
100 100 421.902 1272.79
100 550 333.51 1006.23
100 600 326.514 984.886
100 650 320.151 965.66
100 700 314.521 948.683
100 750 309.621 934.077
100 800 305.565 921.954
100 850 302.386 912.414
100 900 300.106 905.539
100 950 298.738 901.388
100 1000 298.282 900
100 150 410.379 1237.94
100 1050 298.738 901.388
100 1100 300.106 905.539
100 1150 302.386 912.414
100 1200 305.565 921.954
100 1250 309.621 934.077
100 1300 314.521 948.683
100 1350 320.151 965.66
100 1400 326.514 984.886
100 1450 333.51 1006.23
100 1500 341.233 1029.56
100 200 399.171 1204.16
100 1550 349.644 1054.75
100 1600 358.591 1081.67
100 1650 368.01 1110.18
100 1700 377.959 1140.18
100 1750 388.376 1171.54
100 1800 399.171 1204.16
100 1850 410.379 1237.94
100 1900 421.902 1272.79
100 250 388.376 1171.54
100 300 377.959 1140.18
100 350 368.01 1110.18
100 400 358.591 1081.67
100 450 349.644 1054.75
100 500 341.233 1029.56
1050 50 315.381 951.315
1050 100 298.738 901.388
1050 550 150.543 452.769
1050 600 133.527 403.113
1050 650 116.874 353.553
1050 700 101.723 304.138
1050 750 83.7671 254.951
1050 800 69.3076 206.155
1050 850 51.7602 158.114
1050 900 36.3599 111.803
1050 950 23.7838 70.7107
1050 1000 16.9308 50
1050 150 282.314 851.469
1050 1050 23.7838 70.7107
1050 1100 36.3599 111.803
1050 1150 51.7602 158.114
1050 1200 69.3076 206.155
1050 1250 83.7671 254.951
1050 1300 101.723 304.138
1050 1350 116.874 353.553
1050 1400 133.527 403.113
1050 1450 150.543 452.769
1050 1500 166.223 502.494
1050 200 265.611 801.561
1050 1550 183.436 552.268
1050 1600 199.374 602.08
1050 1650 216.215 651.92
1050 1700 232.495 701.783
1050 1750 249.227 751.665
1050 1800 265.611 801.561
1050 1850 282.314 851.469
1050 1900 298.738 901.388
1050 250 249.227 751.665
1050 300 232.495 701.783
1050 350 216.215 651.92
1050 400 199.374 602.08
1050 450 183.436 552.268
1050 500 166.223 502.494
1100 50 316.694 955.249
1100 100 300.106 905.539
1100 550 152.827 460.977
1100 600 136.919 412.311
1100 650 120.056 364.005
1100 700 105.673 316.228
1100 750 88.6841 269.258
1100 800 73.6728 223.607
1100 850 60.2266 180.278
1100 900 47.3185 141.421
1100 950 36.3599 111.803
1100 1000 32.4318 100
1100 150 283.752 855.862
1100 1050 36.3599 111.803
1100 1100 47.3185 141.421
1100 1150 60.2266 180.278
1100 1200 73.6728 223.607
1100 1250 88.6841 269.258
1100 1300 105.673 316.228
1100 1350 120.056 364.005
1100 1400 136.919 412.311
1100 1450 152.827 460.977
1100 1500 168.798 509.902
1100 200 267.159 806.226
1100 1550 185.436 559.017
1100 1600 201.432 608.276
1100 1650 218.094 657.647
1100 1700 234.258 707.107
1100 1750 250.869 756.637
1100 1800 267.159 806.226
1100 1850 283.752 855.862
1100 1900 300.106 905.539
1100 250 250.869 756.637
1100 300 234.258 707.107
1100 350 218.094 657.647
1100 400 201.432 608.276
1100 450 185.436 559.017
1100 500 168.798 509.902
1150 50 318.867 961.769
1150 100 302.386 912.414
1150 550 156.951 474.342
1150 600 142.233 427.2
1150 650 125.504 380.789
1150 700 111.437 335.41
1150 750 97.1345 291.548
1150 800 82.1051 250
1150 850 70.7028 212.132
1150 900 60.2266 180.278
1150 950 51.7602 158.114
1150 1000 49.6168 150
1150 150 286.184 863.134
1150 1050 51.7602 158.114
1150 1100 60.2266 180.278
1150 1150 70.7028 212.132
1150 1200 82.1051 250
1150 1250 97.1345 291.548
1150 1300 111.437 335.41
1150 1350 125.504 380.789
1150 1400 142.233 427.2
1150 1450 156.951 474.342
1150 1500 173.071 522.015
1150 200 269.723 813.941
1150 1550 188.971 570.088
1150 1600 204.883 618.466
1150 1650 221.169 667.083
1150 1700 237.192 715.891
1150 1750 253.567 764.853
1150 1800 269.723 813.941
1150 1850 286.184 863.134
1150 1900 302.386 912.414
1150 250 253.567 764.853
1150 300 237.192 715.891
1150 350 221.169 667.083
1150 400 204.883 618.466
1150 450 188.971 570.088
1150 500 173.071 522.015
1200 50 321.871 970.824
1200 100 305.565 921.954
1200 550 162.811 492.443
1200 600 148.819 447.214
1200 650 133.531 403.113
1200 700 118.995 360.555
1200 750 106.792 320.156
1200 800 93.7839 282.843
1200 850 82.1051 250
1200 900 73.6728 223.607
1200 950 69.3076 206.155
1200 1000 67.7085 200
1200 150 289.535 873.212
1200 1050 69.3076 206.155
1200 1100 73.6728 223.607
1200 1150 82.1051 250
1200 1200 93.7839 282.843
1200 1250 106.792 320.156
1200 1300 118.995 360.555
1200 1350 133.531 403.113
1200 1400 148.819 447.214
1200 1450 162.811 492.443
1200 1500 178.816 538.516
1200 200 273.292 824.621
1200 1550 193.835 585.235
1200 1600 209.668 632.456
1200 1650 225.385 680.074
1200 1700 241.275 728.011
1200 1750 257.285 776.209
1200 1800 273.292 824.621
1200 1850 289.535 873.212
1200 1900 305.565 921.954
1200 250 257.285 776.209
1200 300 241.275 728.011
1200 350 225.385 680.074
1200 400 209.668 632.456
1200 450 193.835 585.235
1200 500 178.816 538.516
1250 50 325.675 982.344
1250 100 309.621 934.077
1250 550 170.52 514.782
1250 600 156.129 471.699
1250 650 143.237 430.116
1250 700 128.916 390.512
1250 750 116.877 353.553
1250 800 106.792 320.156
1250 850 97.1345 291.548
1250 900 88.6841 269.258
1250 950 83.7671 254.951
1250 1000 82.1026 250
1250 150 293.752 886.002
1250 1050 83.7671 254.951
1250 1100 88.6841 269.258
1250 1150 97.1345 291.548
1250 1200 106.792 320.156
1250 1250 116.877 353.553
1250 1300 128.916 390.512
1250 1350 143.237 430.116
1250 1400 156.129 471.699
1250 1450 170.52 514.782
1250 1500 185.438 559.017
1250 200 277.842 838.153
1250 1550 200.07 604.152
1250 1600 215.557 650
1250 1650 230.719 696.419
1250 1700 246.449 743.303
1250 1750 262.099 790.569
1250 1800 277.842 838.153
1250 1850 293.752 886.002
1250 1900 309.621 934.077
1250 250 262.099 790.569
1250 300 246.449 743.303
1250 350 230.719 696.419
1250 400 215.557 650
1250 450 200.07 604.152
1250 500 185.438 559.017
1300 50 330.194 996.243
1300 100 314.521 948.683
1300 550 179.608 540.833
1300 600 165.374 500
1300 650 152.83 460.977
1300 700 141.216 424.264
1300 750 128.916 390.512
1300 800 118.995 360.555
1300 850 111.437 335.41
1300 900 105.673 316.228
1300 950 101.723 304.138
1300 1000 100.263 300
1300 150 298.742 901.388
1300 1050 101.723 304.138
1300 1100 105.673 316.228
1300 1150 111.437 335.41
1300 1200 118.995 360.555
1300 1250 128.916 390.512
1300 1300 141.216 424.264
1300 1350 152.83 460.977
1300 1400 165.374 500
1300 1450 179.608 540.833
1300 1500 193.146 583.095
1300 200 283.271 854.4
1300 1550 207.63 626.498
1300 1600 222.383 670.82
1300 1650 237.195 715.891
1300 1700 252.497 761.577
1300 1750 267.675 807.775
1300 1800 283.271 854.4
1300 1850 298.742 901.388
1300 1900 314.521 948.683
1300 250 267.675 807.775
1300 300 252.497 761.577
1300 350 237.195 715.891
1300 400 222.383 670.82
1300 450 207.63 626.498
1300 500 193.146 583.095
1350 50 335.565 1012.42
1350 100 320.151 965.66
1350 550 188.976 570.088
1350 600 176.402 531.507
1350 650 163.667 494.975
1350 700 152.83 460.977
1350 750 143.237 430.116
1350 800 133.531 403.113
1350 850 125.504 380.789
1350 900 120.056 364.005
1350 950 116.874 353.553
1350 1000 115.81 350
1350 150 304.658 919.239
1350 1050 116.874 353.553
1350 1100 120.056 364.005
1350 1150 125.504 380.789
1350 1200 133.531 403.113
1350 1250 143.237 430.116
1350 1300 152.83 460.977
1350 1350 163.667 494.975
1350 1400 176.402 531.507
1350 1450 188.976 570.088
1350 1500 202.126 610.328
1350 200 289.537 873.212
1350 1550 216.222 651.92
1350 1600 230.136 694.622
1350 1650 244.74 738.241
1350 1700 259.506 782.624
1350 1750 274.31 827.647
1350 1800 289.537 873.212
1350 1850 304.658 919.239
1350 1900 320.151 965.66
1350 250 274.31 827.647
1350 300 259.506 782.624
1350 350 244.74 738.241
1350 400 230.136 694.622
1350 450 216.222 651.92
1350 500 202.126 610.328
1400 50 341.619 1030.78
1400 100 326.514 984.886
1400 550 199.38 602.08
1400 600 187.569 565.685
1400 650 176.402 531.507
1400 700 165.374 500
1400 750 156.129 471.699
1400 800 148.819 447.214
1400 850 142.233 427.2
1400 900 136.919 412.311
1400 950 133.527 403.113
1400 1000 132.354 400
1400 150 311.324 939.415
1400 1050 133.527 403.113
1400 1100 136.919 412.311
1400 1150 142.233 427.2
1400 1200 148.819 447.214
1400 1250 156.129 471.699
1400 1300 165.374 500
1400 1350 176.402 531.507
1400 1400 187.569 565.685
1400 1450 199.38 602.08
1400 1500 212.358 640.312
1400 200 296.435 894.427
1400 1550 225.388 680.074
1400 1600 238.95 721.11
1400 1650 253.035 763.217
1400 1700 267.165 806.226
1400 1750 281.837 850
1400 1800 296.435 894.427
1400 1850 311.324 939.415
1400 1900 326.514 984.886
1400 250 281.837 850
1400 300 267.165 806.226
1400 350 253.035 763.217
1400 400 238.95 721.11
1400 450 225.388 680.074
1400 500 212.358 640.312
1450 50 348.493 1051.19
1450 100 333.51 1006.23
1450 550 211.018 636.396
1450 600 199.38 602.08
1450 650 188.976 570.088
1450 700 179.608 540.833
1450 750 170.52 514.782
1450 800 162.811 492.443
1450 850 156.951 474.342
1450 900 152.827 460.977
1450 950 150.543 452.769
1450 1000 149.686 450
1450 150 318.863 961.769
1450 1050 150.543 452.769
1450 1100 152.827 460.977
1450 1150 156.951 474.342
1450 1200 162.811 492.443
1450 1250 170.52 514.782
1450 1300 179.608 540.833
1450 1350 188.976 570.088
1450 1400 199.38 602.08
1450 1450 211.018 636.396
1450 1500 222.989 672.681
1450 200 304.209 917.878
1450 1550 235.441 710.634
1450 1600 248.685 750
1450 1650 262.105 790.569
1450 1700 275.833 832.166
1450 1750 290.01 874.643
1450 1800 304.209 917.878
1450 1850 318.863 961.769
1450 1900 333.51 1006.23
1450 250 290.01 874.643
1450 300 275.833 832.166
1450 350 262.105 790.569
1450 400 248.685 750
1450 450 235.441 710.634
1450 500 222.989 672.681
1500 50 355.892 1073.55
1500 100 341.233 1029.56
1500 550 222.989 672.681
1500 600 212.358 640.312
1500 650 202.126 610.328
1500 700 193.146 583.095
1500 750 185.438 559.017
1500 800 178.816 538.516
1500 850 173.071 522.015
1500 900 168.798 509.902
1500 950 166.223 502.494
1500 1000 165.368 500
1500 150 326.935 986.154
1500 1050 166.223 502.494
1500 1100 168.798 509.902
1500 1150 173.071 522.015
1500 1200 178.816 538.516
1500 1250 185.438 559.017
1500 1300 193.146 583.095
1500 1350 202.126 610.328
1500 1400 212.358 640.312
1500 1450 222.989 672.681
1500 1500 234.265 707.107
1500 200 312.655 943.398
1500 1550 246.452 743.303
1500 1600 258.99 781.025
1500 1650 271.772 820.061
1500 1700 285.228 860.233
1500 1750 298.747 901.388
1500 1800 312.655 943.398
1500 1850 326.935 986.154
1500 1900 341.233 1029.56
1500 250 298.747 901.388
1500 300 285.228 860.233
1500 350 271.772 820.061
1500 400 258.99 781.025
1500 450 246.452 743.303
1500 500 234.265 707.107
150 50 422.608 1274.75
150 100 410.379 1237.94
150 550 318.863 961.769
150 600 311.324 939.415
150 650 304.658 919.239
150 700 298.742 901.388
150 750 293.752 886.002
150 800 289.535 873.212
150 850 286.184 863.134
150 900 283.752 855.862
150 950 282.314 851.469
150 1000 281.822 850
150 150 398.481 1202.08
150 1050 282.314 851.469
150 1100 283.752 855.862
150 1150 286.184 863.134
150 1200 289.535 873.212
150 1250 293.752 886.002
150 1300 298.742 901.388
150 1350 304.658 919.239
150 1400 311.324 939.415
150 1450 318.863 961.769
150 1500 326.935 986.154
150 200 386.957 1167.26
150 1550 335.561 1012.42
150 1600 344.833 1040.43
150 1650 354.742 1070.05
150 1700 365.024 1101.14
150 1750 375.726 1133.58
150 1800 386.957 1167.26
150 1850 398.481 1202.08
150 1900 410.379 1237.94
150 250 375.726 1133.58
150 300 365.024 1101.14
150 350 354.742 1070.05
150 400 344.833 1040.43
150 450 335.561 1012.42
150 500 326.935 986.154
1550 50 363.847 1097.72
1550 100 349.644 1054.75
1550 550 235.441 710.634
1550 600 225.388 680.074
1550 650 216.222 651.92
1550 700 207.63 626.498
1550 750 200.07 604.152
1550 800 193.835 585.235
1550 850 188.971 570.088
1550 900 185.436 559.017
1550 950 183.436 552.268
1550 1000 182.685 550
1550 150 335.561 1012.42
1550 1050 183.436 552.268
1550 1100 185.436 559.017
1550 1150 188.971 570.088
1550 1200 193.835 585.235
1550 1250 200.07 604.152
1550 1300 207.63 626.498
1550 1350 216.222 651.92
1550 1400 225.388 680.074
1550 1450 235.441 710.634
1550 1500 246.452 743.303
1550 200 321.87 970.824
1550 1550 257.941 777.817
1550 1600 269.729 813.941
1550 1650 282.327 851.469
1550 1700 295.139 890.225
1550 1750 308.278 930.054
1550 1800 321.87 970.824
1550 1850 335.561 1012.42
1550 1900 349.644 1054.75
1550 250 308.278 930.054
1550 300 295.139 890.225
1550 350 282.327 851.469
1550 400 269.729 813.941
1550 450 257.941 777.817
1550 500 246.452 743.303
1600 50 372.385 1123.61
1600 100 358.591 1081.67
1600 550 248.685 750
1600 600 238.95 721.11
1600 650 230.136 694.622
1600 700 222.383 670.82
1600 750 215.557 650
1600 800 209.668 632.456
1600 850 204.883 618.466
1600 900 201.432 608.276
1600 950 199.374 602.08
1600 1000 198.635 600
1600 150 344.833 1040.43
1600 1050 199.374 602.08
1600 1100 201.432 608.276
1600 1150 204.883 618.466
1600 1200 209.668 632.456
1600 1250 215.557 650
1600 1300 222.383 670.82
1600 1350 230.136 694.622
1600 1400 238.95 721.11
1600 1450 248.685 750
1600 1500 258.99 781.025
1600 200 331.45 1000
1600 1550 269.729 813.941
1600 1600 281.346 848.528
1600 1650 293.291 884.59
1600 1700 305.574 921.954
1600 1750 318.427 960.469
1600 1800 331.45 1000
1600 1850 344.833 1040.43
1600 1900 358.591 1081.67
1600 250 318.427 960.469
1600 300 305.574 921.954
1600 350 293.291 884.59
1600 400 281.346 848.528
1600 450 269.729 813.941
1600 500 258.99 781.025
1650 50 381.569 1151.09
1650 100 368.01 1110.18
1650 550 262.105 790.569
1650 600 253.035 763.217
1650 650 244.74 738.241
1650 700 237.195 715.891
1650 750 230.719 696.419
1650 800 225.385 680.074
1650 850 221.169 667.083
1650 900 218.094 657.647
1650 950 216.215 651.92
1650 1000 215.554 650
1650 150 354.742 1070.05
1650 1050 216.215 651.92
1650 1100 218.094 657.647
1650 1150 221.169 667.083
1650 1200 225.385 680.074
1650 1250 230.719 696.419
1650 1300 237.195 715.891
1650 1350 244.74 738.241
1650 1400 253.035 763.217
1650 1450 262.105 790.569
1650 1500 271.772 820.061
1650 200 341.636 1030.78
1650 1550 282.327 851.469
1650 1600 293.291 884.59
1650 1650 304.667 919.239
1650 1700 316.685 955.249
1650 1750 328.949 992.472
1650 1800 341.636 1030.78
1650 1850 354.742 1070.05
1650 1900 368.01 1110.18
1650 250 328.949 992.472
1650 300 316.685 955.249
1650 350 304.667 919.239
1650 400 293.291 884.59
1650 450 282.327 851.469
1650 500 271.772 820.061
1700 50 391.185 1180.04
1700 100 377.959 1140.18
1700 550 275.833 832.166
1700 600 267.165 806.226
1700 650 259.506 782.624
1700 700 252.497 761.577
1700 750 246.449 743.303
1700 800 241.275 728.011
1700 850 237.192 715.891
1700 900 234.258 707.107
1700 950 232.495 701.783
1700 1000 231.903 700
1700 150 365.024 1101.14
1700 1050 232.495 701.783
1700 1100 234.258 707.107
1700 1150 237.192 715.891
1700 1200 241.275 728.011
1700 1250 246.449 743.303
1700 1300 252.497 761.577
1700 1350 259.506 782.624
1700 1400 267.165 806.226
1700 1450 275.833 832.166
1700 1500 285.228 860.233
1700 200 352.406 1063.01
1700 1550 295.139 890.225
1700 1600 305.574 921.954
1700 1650 316.685 955.249
1700 1700 328.186 989.949
1700 1750 340.029 1025.91
1700 1800 352.406 1063.01
1700 1850 365.024 1101.14
1700 1900 377.959 1140.18
1700 250 340.029 1025.91
1700 300 328.186 989.949
1700 350 316.685 955.249
1700 400 305.574 921.954
1700 450 295.139 890.225
1700 500 285.228 860.233
1750 50 401.224 1210.37
1750 100 388.376 1171.54
1750 550 290.01 874.643
1750 600 281.837 850
1750 650 274.31 827.647
1750 700 267.675 807.775
1750 750 262.099 790.569
1750 800 257.285 776.209
1750 850 253.567 764.853
1750 900 250.869 756.637
1750 950 249.227 751.665
1750 1000 248.676 750
1750 150 375.726 1133.58
1750 1050 249.227 751.665
1750 1100 250.869 756.637
1750 1150 253.567 764.853
1750 1200 257.285 776.209
1750 1250 262.099 790.569
1750 1300 267.675 807.775
1750 1350 274.31 827.647
1750 1400 281.837 850
1750 1450 290.01 874.643
1750 1500 298.747 901.388
1750 200 363.507 1096.59
1750 1550 308.278 930.054
1750 1600 318.427 960.469
1750 1650 328.949 992.472
1750 1700 340.029 1025.91
1750 1750 351.627 1060.66
1750 1800 363.507 1096.59
1750 1850 375.726 1133.58
1750 1900 388.376 1171.54
1750 250 351.627 1060.66
1750 300 340.029 1025.91
1750 350 328.949 992.472
1750 400 318.427 960.469
1750 450 308.278 930.054
1750 500 298.747 901.388
1800 50 411.715 1241.97
1800 100 399.171 1204.16
1800 550 304.209 917.878
1800 600 296.435 894.427
1800 650 289.537 873.212
1800 700 283.271 854.4
1800 750 277.842 838.153
1800 800 273.292 824.621
1800 850 269.723 813.941
1800 900 267.159 806.226
1800 950 265.611 801.561
1800 1000 265.092 800
1800 150 386.957 1167.26
1800 1050 265.611 801.561
1800 1100 267.159 806.226
1800 1150 269.723 813.941
1800 1200 273.292 824.621
1800 1250 277.842 838.153
1800 1300 283.271 854.4
1800 1350 289.537 873.212
1800 1400 296.435 894.427
1800 1450 304.209 917.878
1800 1500 312.655 943.398
1800 200 374.995 1131.37
1800 1550 321.87 970.824
1800 1600 331.45 1000
1800 1650 341.636 1030.78
1800 1700 352.406 1063.01
1800 1750 363.507 1096.59
1800 1800 374.995 1131.37
1800 1850 386.957 1167.26
1800 1900 399.171 1204.16
1800 250 363.507 1096.59
1800 300 352.406 1063.01
1800 350 341.636 1030.78
1800 400 331.45 1000
1800 450 321.87 970.824
1800 500 312.655 943.398
1850 50 422.608 1274.75
1850 100 410.379 1237.94
1850 550 318.863 961.769
1850 600 311.324 939.415
1850 650 304.658 919.239
1850 700 298.742 901.388
1850 750 293.752 886.002
1850 800 289.535 873.212
1850 850 286.184 863.134
1850 900 283.752 855.862
1850 950 282.314 851.469
1850 1000 281.822 850
1850 150 398.481 1202.08
1850 1050 282.314 851.469
1850 1100 283.752 855.862
1850 1150 286.184 863.134
1850 1200 289.535 873.212
1850 1250 293.752 886.002
1850 1300 298.742 901.388
1850 1350 304.658 919.239
1850 1400 311.324 939.415
1850 1450 318.863 961.769
1850 1500 326.935 986.154
1850 200 386.957 1167.26
1850 1550 335.561 1012.42
1850 1600 344.833 1040.43
1850 1650 354.742 1070.05
1850 1700 365.024 1101.14
1850 1750 375.726 1133.58
1850 1800 386.957 1167.26
1850 1850 398.481 1202.08
1850 1900 410.379 1237.94
1850 250 375.726 1133.58
1850 300 365.024 1101.14
1850 350 354.742 1070.05
1850 400 344.833 1040.43
1850 450 335.561 1012.42
1850 500 326.935 986.154
1900 50 433.698 1308.63
1900 100 421.902 1272.79
1900 550 333.51 1006.23
1900 600 326.514 984.886
1900 650 320.151 965.66
1900 700 314.521 948.683
1900 750 309.621 934.077
1900 800 305.565 921.954
1900 850 302.386 912.414
1900 900 300.106 905.539
1900 950 298.738 901.388
1900 1000 298.282 900
1900 150 410.379 1237.94
1900 1050 298.738 901.388
1900 1100 300.106 905.539
1900 1150 302.386 912.414
1900 1200 305.565 921.954
1900 1250 309.621 934.077
1900 1300 314.521 948.683
1900 1350 320.151 965.66
1900 1400 326.514 984.886
1900 1450 333.51 1006.23
1900 1500 341.233 1029.56
1900 200 399.171 1204.16
1900 1550 349.644 1054.75
1900 1600 358.591 1081.67
1900 1650 368.01 1110.18
1900 1700 377.959 1140.18
1900 1750 388.376 1171.54
1900 1800 399.171 1204.16
1900 1850 410.379 1237.94
1900 1900 421.902 1272.79
1900 250 388.376 1171.54
1900 300 377.959 1140.18
1900 350 368.01 1110.18
1900 400 358.591 1081.67
1900 450 349.644 1054.75
1900 500 341.233 1029.56
200 50 411.715 1241.97
200 100 399.171 1204.16
200 550 304.209 917.878
200 600 296.435 894.427
200 650 289.537 873.212
200 700 283.271 854.4
200 750 277.842 838.153
200 800 273.292 824.621
200 850 269.723 813.941
200 900 267.159 806.226
200 950 265.611 801.561
200 1000 265.092 800
200 150 386.957 1167.26
200 1050 265.611 801.561
200 1100 267.159 806.226
200 1150 269.723 813.941
200 1200 273.292 824.621
200 1250 277.842 838.153
200 1300 283.271 854.4
200 1350 289.537 873.212
200 1400 296.435 894.427
200 1450 304.209 917.878
200 1500 312.655 943.398
200 200 374.995 1131.37
200 1550 321.87 970.824
200 1600 331.45 1000
200 1650 341.636 1030.78
200 1700 352.406 1063.01
200 1750 363.507 1096.59
200 1800 374.995 1131.37
200 1850 386.957 1167.26
200 1900 399.171 1204.16
200 250 363.507 1096.59
200 300 352.406 1063.01
200 350 341.636 1030.78
200 400 331.45 1000
200 450 321.87 970.824
200 500 312.655 943.398
250 50 401.224 1210.37
250 100 388.376 1171.54
250 550 290.01 874.643
250 600 281.837 850
250 650 274.31 827.647
250 700 267.675 807.775
250 750 262.099 790.569
250 800 257.285 776.209
250 850 253.567 764.853
250 900 250.869 756.637
250 950 249.227 751.665
250 1000 248.676 750
250 150 375.726 1133.58
250 1050 249.227 751.665
250 1100 250.869 756.637
250 1150 253.567 764.853
250 1200 257.285 776.209
250 1250 262.099 790.569
250 1300 267.675 807.775
250 1350 274.31 827.647
250 1400 281.837 850
250 1450 290.01 874.643
250 1500 298.747 901.388
250 200 363.507 1096.59
250 1550 308.278 930.054
250 1600 318.427 960.469
250 1650 328.949 992.472
250 1700 340.029 1025.91
250 1750 351.627 1060.66
250 1800 363.507 1096.59
250 1850 375.726 1133.58
250 1900 388.376 1171.54
250 250 351.627 1060.66
250 300 340.029 1025.91
250 350 328.949 992.472
250 400 318.427 960.469
250 450 308.278 930.054
250 500 298.747 901.388
300 50 391.185 1180.04
300 100 377.959 1140.18
300 550 275.833 832.166
300 600 267.165 806.226
300 650 259.506 782.624
300 700 252.497 761.577
300 750 246.449 743.303
300 800 241.275 728.011
300 850 237.192 715.891
300 900 234.258 707.107
300 950 232.495 701.783
300 1000 231.903 700
300 150 365.024 1101.14
300 1050 232.495 701.783
300 1100 234.258 707.107
300 1150 237.192 715.891
300 1200 241.275 728.011
300 1250 246.449 743.303
300 1300 252.497 761.577
300 1350 259.506 782.624
300 1400 267.165 806.226
300 1450 275.833 832.166
300 1500 285.228 860.233
300 200 352.406 1063.01
300 1550 295.139 890.225
300 1600 305.574 921.954
300 1650 316.685 955.249
300 1700 328.186 989.949
300 1750 340.029 1025.91
300 1800 352.406 1063.01
300 1850 365.024 1101.14
300 1900 377.959 1140.18
300 250 340.029 1025.91
300 300 328.186 989.949
300 350 316.685 955.249
300 400 305.574 921.954
300 450 295.139 890.225
300 500 285.228 860.233
350 50 381.569 1151.09
350 100 368.01 1110.18
350 550 262.105 790.569
350 600 253.035 763.217
350 650 244.74 738.241
350 700 237.195 715.891
350 750 230.719 696.419
350 800 225.385 680.074
350 850 221.169 667.083
350 900 218.094 657.647
350 950 216.215 651.92
350 1000 215.554 650
350 150 354.742 1070.05
350 1050 216.215 651.92
350 1100 218.094 657.647
350 1150 221.169 667.083
350 1200 225.385 680.074
350 1250 230.719 696.419
350 1300 237.195 715.891
350 1350 244.74 738.241
350 1400 253.035 763.217
350 1450 262.105 790.569
350 1500 271.772 820.061
350 200 341.636 1030.78
350 1550 282.327 851.469
350 1600 293.291 884.59
350 1650 304.667 919.239
350 1700 316.685 955.249
350 1750 328.949 992.472
350 1800 341.636 1030.78
350 1850 354.742 1070.05
350 1900 368.01 1110.18
350 250 328.949 992.472
350 300 316.685 955.249
350 350 304.667 919.239
350 400 293.291 884.59
350 450 282.327 851.469
350 500 271.772 820.061
400 50 372.385 1123.61
400 100 358.591 1081.67
400 550 248.685 750
400 600 238.95 721.11
400 650 230.136 694.622
400 700 222.383 670.82
400 750 215.557 650
400 800 209.668 632.456
400 850 204.883 618.466
400 900 201.432 608.276
400 950 199.374 602.08
400 1000 198.635 600
400 150 344.833 1040.43
400 1050 199.374 602.08
400 1100 201.432 608.276
400 1150 204.883 618.466
400 1200 209.668 632.456
400 1250 215.557 650
400 1300 222.383 670.82
400 1350 230.136 694.622
400 1400 238.95 721.11
400 1450 248.685 750
400 1500 258.99 781.025
400 200 331.45 1000
400 1550 269.729 813.941
400 1600 281.346 848.528
400 1650 293.291 884.59
400 1700 305.574 921.954
400 1750 318.427 960.469
400 1800 331.45 1000
400 1850 344.833 1040.43
400 1900 358.591 1081.67
400 250 318.427 960.469
400 300 305.574 921.954
400 350 293.291 884.59
400 400 281.346 848.528
400 450 269.729 813.941
400 500 258.99 781.025
450 50 363.847 1097.72
450 100 349.644 1054.75
450 550 235.441 710.634
450 600 225.388 680.074
450 650 216.222 651.92
450 700 207.63 626.498
450 750 200.07 604.152
450 800 193.835 585.235
450 850 188.971 570.088
450 900 185.436 559.017
450 950 183.436 552.268
450 1000 182.685 550
450 150 335.561 1012.42
450 1050 183.436 552.268
450 1100 185.436 559.017
450 1150 188.971 570.088
450 1200 193.835 585.235
450 1250 200.07 604.152
450 1300 207.63 626.498
450 1350 216.222 651.92
450 1400 225.388 680.074
450 1450 235.441 710.634
450 1500 246.452 743.303
450 200 321.87 970.824
450 1550 257.941 777.817
450 1600 269.729 813.941
450 1650 282.327 851.469
450 1700 295.139 890.225
450 1750 308.278 930.054
450 1800 321.87 970.824
450 1850 335.561 1012.42
450 1900 349.644 1054.75
450 250 308.278 930.054
450 300 295.139 890.225
450 350 282.327 851.469
450 400 269.729 813.941
450 450 257.941 777.817
450 500 246.452 743.303
500 50 355.892 1073.55
500 100 341.233 1029.56
500 550 222.989 672.681
500 600 212.358 640.312
500 650 202.126 610.328
500 700 193.146 583.095
500 750 185.438 559.017
500 800 178.816 538.516
500 850 173.071 522.015
500 900 168.798 509.902
500 950 166.223 502.494
500 1000 165.368 500
500 150 326.935 986.154
500 1050 166.223 502.494
500 1100 168.798 509.902
500 1150 173.071 522.015
500 1200 178.816 538.516
500 1250 185.438 559.017
500 1300 193.146 583.095
500 1350 202.126 610.328
500 1400 212.358 640.312
500 1450 222.989 672.681
500 1500 234.265 707.107
500 200 312.655 943.398
500 1550 246.452 743.303
500 1600 258.99 781.025
500 1650 271.772 820.061
500 1700 285.228 860.233
500 1750 298.747 901.388
500 1800 312.655 943.398
500 1850 326.935 986.154
500 1900 341.233 1029.56
500 250 298.747 901.388
500 300 285.228 860.233
500 350 271.772 820.061
500 400 258.99 781.025
500 450 246.452 743.303
500 500 234.265 707.107
