50 50 409.887 1343.5
50 100 399.119 1308.63
50 550 319.618 1051.19
50 600 313.313 1030.78
50 650 307.645 1012.42
50 700 302.648 996.243
50 750 298.359 982.344
50 800 294.801 970.824
50 850 292.004 961.769
50 900 289.989 955.249
50 950 288.773 951.315
50 1000 288.367 950
50 150 388.66 1274.75
50 1050 288.773 951.315
50 1100 289.989 955.249
50 1150 292.004 961.769
50 1200 294.801 970.824
50 1250 298.359 982.344
50 1300 302.648 996.243
50 1350 307.645 1012.42
50 1400 313.313 1030.78
50 1450 319.618 1051.19
50 1500 326.522 1073.55
50 200 378.534 1241.97
50 1550 333.988 1097.72
50 1600 341.983 1123.61
50 1650 350.467 1151.09
50 1700 359.411 1180.04
50 1750 368.777 1210.37
50 1800 378.534 1241.97
50 1850 388.66 1274.75
50 1900 399.119 1308.63
50 250 368.777 1210.37
50 300 359.411 1180.04
50 350 350.467 1151.09
50 400 341.983 1123.61
50 450 333.988 1097.72
50 500 326.522 1073.55
550 50 319.618 1051.19
550 100 305.733 1006.23
550 550 191.518 636.396
550 600 180.92 602.08
550 650 171.058 570.088
550 700 162.011 540.833
550 750 153.949 514.782
550 800 147.06 492.443
550 850 141.491 474.342
550 900 137.375 460.977
550 950 134.847 452.769
550 1000 133.989 450
550 150 292.004 961.769
550 1050 134.847 452.769
550 1100 137.375 460.977
550 1150 141.491 474.342
550 1200 147.06 492.443
550 1250 153.949 514.782
550 1300 162.011 540.833
550 1350 171.058 570.088
550 1400 180.92 602.08
550 1450 191.518 636.396
550 1500 202.735 672.681
550 200 278.447 917.878
550 1550 214.446 710.634
550 1600 226.609 750
550 1650 239.142 790.569
550 1700 251.977 832.166
550 1750 265.1 874.643
550 1800 278.447 917.878
550 1850 292.004 961.769
550 1900 305.733 1006.23
550 250 265.1 874.643
550 300 251.977 832.166
550 350 239.142 790.569
550 400 226.609 750
550 450 214.446 710.634
550 500 202.735 672.681
600 50 313.313 1030.78
600 100 299.144 984.886
600 550 180.92 602.08
600 600 169.7 565.685
600 650 159.123 531.507
600 700 149.388 500
600 750 140.679 471.699
600 800 133.126 447.214
600 850 126.913 427.2
600 900 122.291 412.311
600 950 119.443 403.113
600 1000 118.48 400
600 150 285.1 939.415
600 1050 119.443 403.113
600 1100 122.291 412.311
600 1150 126.913 427.2
600 1200 133.126 447.214
600 1250 140.679 471.699
600 1300 149.388 500
600 1350 159.123 531.507
600 1400 169.7 565.685
600 1450 180.92 602.08
600 1500 192.729 640.312
600 200 271.209 894.427
600 1550 205.016 680.074
600 1600 217.68 721.11
600 1650 230.692 763.217
600 1700 243.969 806.226
600 1750 257.486 850
600 1800 271.209 894.427
600 1850 285.1 939.415
600 1900 299.144 984.886
600 250 257.486 850
600 300 243.969 806.226
600 350 230.692 763.217
600 400 217.68 721.11
600 450 205.016 680.074
600 500 192.729 640.312
650 50 307.645 1012.42
650 100 293.206 965.66
650 550 171.058 570.088
650 600 159.123 531.507
650 650 147.84 494.975
650 700 137.376 460.977
650 750 127.82 430.116
650 800 119.444 403.113
650 850 122.568 380.789
650 900 117.419 364.005
650 950 114.215 353.553
650 1000 113.122 350
650 150 278.867 919.239
650 1050 114.215 353.553
650 1100 117.419 364.005
650 1150 122.568 380.789
650 1200 119.444 403.113
650 1250 127.82 430.116
650 1300 137.376 460.977
650 1350 147.84 494.975
650 1400 159.123 531.507
650 1450 171.058 570.088
650 1500 183.466 610.328
650 200 264.658 873.212
650 1550 196.323 651.92
650 1600 209.51 694.622
650 1650 222.971 738.241
650 1700 236.687 782.624
650 1750 250.581 827.647
650 1800 264.658 873.212
650 1850 278.867 919.239
650 1900 293.206 965.66
650 250 250.581 827.647
650 300 236.687 782.624
650 350 222.971 738.241
650 400 209.51 694.622
650 450 196.323 651.92
650 500 183.466 610.328
700 50 302.648 996.243
700 100 287.961 948.683
700 550 162.011 540.833
700 600 149.388 500
700 650 137.376 460.977
700 700 126.002 424.264
700 750 115.557 390.512
700 800 116.36 360.555
700 850 98.6213 335.41
700 900 92.6789 316.228
700 950 88.9084 304.138
700 1000 87.615 300
700 150 273.357 901.388
700 1050 88.9084 304.138
700 1100 92.6789 316.228
700 1150 98.6213 335.41
700 1200 116.36 360.555
700 1250 115.557 390.512
700 1300 126.002 424.264
700 1350 137.376 460.977
700 1400 149.388 500
700 1450 162.011 540.833
700 1500 175.068 583.095
700 200 258.845 854.4
700 1550 188.459 626.498
700 1600 202.16 670.82
700 1650 216.068 715.891
700 1700 230.185 761.577
700 1750 244.447 807.775
700 1800 258.845 854.4
700 1850 273.357 901.388
700 1900 287.961 948.683
700 250 244.447 807.775
700 300 230.185 761.577
700 350 216.068 715.891
700 400 202.16 670.82
700 450 188.459 626.498
700 500 175.068 583.095
750 50 298.359 982.344
750 100 283.448 934.077
750 550 153.949 514.782
750 600 140.679 471.699
750 650 127.82 430.116
750 700 115.557 390.512
750 750 114.216 353.553
750 800 93.9 320.156
750 850 84.9765 291.548
750 900 78.076 269.258
750 950 73.6931 254.951
750 1000 72.1797 250
750 150 268.609 886.002
750 1050 73.6931 254.951
750 1100 78.076 269.258
750 1150 84.9765 291.548
750 1200 93.9 320.156
750 1250 114.216 353.553
750 1300 115.557 390.512
750 1350 127.82 430.116
750 1400 140.679 471.699
750 1450 153.949 514.782
750 1500 167.641 559.017
750 200 253.825 838.153
750 1550 181.559 604.152
750 1600 195.73 650
750 1650 210.064 696.419
750 1700 224.535 743.303
750 1750 239.141 790.569
750 1800 253.825 838.153
750 1850 268.609 886.002
750 1900 283.448 934.077
750 250 239.141 790.569
750 300 224.535 743.303
750 350 210.064 696.419
750 400 195.73 650
750 450 181.559 604.152
750 500 167.641 559.017
800 50 294.801 970.824
800 100 279.704 921.954
800 550 147.06 492.443
800 600 133.126 447.214
800 650 119.444 403.113
800 700 116.36 360.555
800 750 93.9 320.156
800 800 82.2689 282.843
800 850 72.1802 250
800 900 64.1401 223.607
800 950 58.7683 206.155
800 1000 56.8287 200
800 150 264.657 873.212
800 1050 58.7683 206.155
800 1100 64.1401 223.607
800 1150 72.1802 250
800 1200 82.2689 282.843
800 1250 93.9 320.156
800 1300 116.36 360.555
800 1350 119.444 403.113
800 1400 133.126 447.214
800 1450 147.06 492.443
800 1500 161.293 538.516
800 200 249.645 824.621
800 1550 175.727 585.235
800 1600 190.3 632.456
800 1650 205.015 680.074
800 1700 219.81 728.011
800 1750 234.702 776.209
800 1800 249.645 824.621
800 1850 264.657 873.212
800 1900 279.704 921.954
800 250 234.702 776.209
800 300 219.81 728.011
800 350 205.015 680.074
800 400 190.3 632.456
800 450 175.727 585.235
800 500 161.293 538.516
850 50 292.004 961.769
850 100 276.759 912.414
850 550 141.491 474.342
850 600 126.913 427.2
850 650 122.568 380.789
850 700 98.6213 335.41
850 750 84.9765 291.548
850 800 72.1802 250
850 850 60.6168 212.132
850 900 50.5751 180.278
850 950 53.7912 158.114
850 1000 51.3205 150
850 150 261.543 863.134
850 1050 53.7912 158.114
850 1100 50.5751 180.278
850 1150 60.6168 212.132
850 1200 72.1802 250
850 1250 84.9765 291.548
850 1300 98.6213 335.41
850 1350 122.568 380.789
850 1400 126.913 427.2
850 1450 141.491 474.342
850 1500 156.184 522.015
850 200 246.348 813.941
850 1550 171.057 570.088
850 1600 185.977 618.466
850 1650 201.006 667.083
850 1700 216.068 715.891
850 1750 231.196 764.853
850 1800 246.348 813.941
850 1850 261.543 863.134
850 1900 276.759 912.414
850 250 231.196 764.853
850 300 216.068 715.891
850 350 201.006 667.083
850 400 185.977 618.466
850 450 171.057 570.088
850 500 156.184 522.015
900 50 289.989 955.249
900 100 274.637 905.539
900 550 137.375 460.977
900 600 122.291 412.311
900 650 117.419 364.005
900 700 92.6789 316.228
900 750 78.076 269.258
900 800 64.1401 223.607
900 850 50.5751 180.278
900 900 48.6632 141.421
900 950 39.4668 111.803
900 1000 35.9258 100
900 150 259.296 855.862
900 1050 39.4668 111.803
900 1100 48.6632 141.421
900 1150 50.5751 180.278
900 1200 64.1401 223.607
900 1250 78.076 269.258
900 1300 92.6789 316.228
900 1350 117.419 364.005
900 1400 122.291 412.311
900 1450 137.375 460.977
900 1500 152.441 509.902
900 200 243.968 806.226
900 1550 167.64 559.017
900 1600 182.832 608.276
900 1650 198.091 657.647
900 1700 213.357 707.107
900 1750 228.658 756.637
900 1800 243.968 806.226
900 1850 259.296 855.862
900 1900 274.637 905.539
900 250 228.658 756.637
900 300 213.357 707.107
900 350 198.091 657.647
900 400 182.832 608.276
900 450 167.64 559.017
900 500 152.441 509.902
950 50 288.773 951.315
950 100 273.356 901.388
950 550 134.847 452.769
950 600 119.443 403.113
950 650 114.215 353.553
950 700 88.9084 304.138
950 750 73.6931 254.951
950 800 58.7683 206.155
950 850 53.7912 158.114
950 900 39.4668 111.803
950 950 26.9317 70.7107
950 1000 20.4798 50
950 150 257.939 851.469
950 1050 26.9317 70.7107
950 1100 39.4668 111.803
950 1150 53.7912 158.114
950 1200 58.7683 206.155
950 1250 73.6931 254.951
950 1300 88.9084 304.138
950 1350 114.215 353.553
950 1400 119.443 403.113
950 1450 134.847 452.769
950 1500 150.155 502.494
950 200 242.528 801.561
950 1550 165.551 552.268
950 1600 180.919 602.08
950 1650 196.322 651.92
950 1700 211.712 701.783
950 1750 227.122 751.665
950 1800 242.528 801.561
950 1850 257.939 851.469
950 1900 273.356 901.388
950 250 227.122 751.665
950 300 211.712 701.783
950 350 196.322 651.92
950 400 180.919 602.08
950 450 165.551 552.268
950 500 150.155 502.494
1000 50 288.367 950
1000 100 272.928 900
1000 550 133.989 450
1000 600 118.48 400
1000 650 113.122 350
1000 700 87.615 300
1000 750 72.1797 250
1000 800 56.8287 200
1000 850 51.3205 150
1000 900 35.9258 100
1000 950 20.4798 50
1000 150 257.485 850
1000 1050 20.4798 50
1000 1100 35.9258 100
1000 1150 51.3205 150
1000 1200 56.8287 200
1000 1250 72.1797 250
1000 1300 87.615 300
1000 1350 113.122 350
1000 1400 118.48 400
1000 1450 133.989 450
1000 1500 149.387 500
1000 200 242.045 800
1000 1550 164.848 550
1000 1600 180.288 600
1000 1650 195.729 650
1000 1700 211.162 700
1000 1750 226.608 750
1000 1800 242.045 800
1000 1850 257.485 850
1000 1900 272.928 900
1000 250 226.608 750
1000 300 211.162 700
1000 350 195.729 650
1000 400 180.288 600
1000 450 164.848 550
1000 500 149.387 500
100 50 399.119 1308.63
100 100 388.052 1272.79
100 550 305.733 1006.23
100 600 299.144 984.886
100 650 293.206 965.66
100 700 287.961 948.683
100 750 283.448 934.077
100 800 279.704 921.954
100 850 276.759 912.414
100 900 274.637 905.539
100 950 273.356 901.388
100 1000 272.928 900
100 150 377.289 1237.94
100 1050 273.356 901.388
100 1100 274.637 905.539
100 1150 276.759 912.414
100 1200 279.704 921.954
100 1250 283.448 934.077
100 1300 287.961 948.683
100 1350 293.206 965.66
100 1400 299.144 984.886
100 1450 305.733 1006.23
100 1500 312.94 1029.56
100 200 366.859 1204.16
100 1550 320.718 1054.75
100 1600 329.031 1081.67
100 1650 337.838 1110.18
100 1700 347.096 1140.18
100 1750 356.784 1171.54
100 1800 366.859 1204.16
100 1850 377.289 1237.94
100 1900 388.052 1272.79
100 250 356.784 1171.54
100 300 347.096 1140.18
100 350 337.838 1110.18
100 400 329.031 1081.67
100 450 320.718 1054.75
100 500 312.94 1029.56
1050 50 288.773 951.315
1050 100 273.356 901.388
1050 550 134.847 452.769
1050 600 119.443 403.113
1050 650 114.215 353.553
1050 700 88.9084 304.138
1050 750 73.6931 254.951
1050 800 58.7683 206.155
1050 850 53.7912 158.114
1050 900 39.4668 111.803
1050 950 26.9317 70.7107
1050 1000 20.4798 50
1050 150 257.939 851.469
1050 1050 26.9317 70.7107
1050 1100 39.4668 111.803
1050 1150 53.7912 158.114
1050 1200 58.7683 206.155
1050 1250 73.6931 254.951
1050 1300 88.9084 304.138
1050 1350 114.215 353.553
1050 1400 119.443 403.113
1050 1450 134.847 452.769
1050 1500 150.155 502.494
1050 200 242.528 801.561
1050 1550 165.551 552.268
1050 1600 180.919 602.08
1050 1650 196.322 651.92
1050 1700 211.712 701.783
1050 1750 227.122 751.665
1050 1800 242.528 801.561
1050 1850 257.939 851.469
1050 1900 273.356 901.388
1050 250 227.122 751.665
1050 300 211.712 701.783
1050 350 196.322 651.92
1050 400 180.919 602.08
1050 450 165.551 552.268
1050 500 150.155 502.494
1100 50 289.989 955.249
1100 100 274.637 905.539
1100 550 137.375 460.977
1100 600 122.291 412.311
1100 650 117.419 364.005
1100 700 92.6789 316.228
1100 750 78.076 269.258
1100 800 64.1401 223.607
1100 850 50.5751 180.278
1100 900 48.6632 141.421
1100 950 39.4668 111.803
1100 1000 35.9258 100
1100 150 259.296 855.862
1100 1050 39.4668 111.803
1100 1100 48.6632 141.421
1100 1150 50.5751 180.278
1100 1200 64.1401 223.607
1100 1250 78.076 269.258
1100 1300 92.6789 316.228
1100 1350 117.419 364.005
1100 1400 122.291 412.311
1100 1450 137.375 460.977
1100 1500 152.441 509.902
1100 200 243.968 806.226
1100 1550 167.64 559.017
1100 1600 182.832 608.276
1100 1650 198.091 657.647
1100 1700 213.357 707.107
1100 1750 228.658 756.637
1100 1800 243.968 806.226
1100 1850 259.296 855.862
1100 1900 274.637 905.539
1100 250 228.658 756.637
1100 300 213.357 707.107
1100 350 198.091 657.647
1100 400 182.832 608.276
1100 450 167.64 559.017
1100 500 152.441 509.902
1150 50 292.004 961.769
1150 100 276.759 912.414
1150 550 141.491 474.342
1150 600 126.913 427.2
1150 650 122.568 380.789
1150 700 98.6213 335.41
1150 750 84.9765 291.548
1150 800 72.1802 250
1150 850 60.6168 212.132
1150 900 50.5751 180.278
1150 950 53.7912 158.114
1150 1000 51.3205 150
1150 150 261.543 863.134
1150 1050 53.7912 158.114
1150 1100 50.5751 180.278
1150 1150 60.6168 212.132
1150 1200 72.1802 250
1150 1250 84.9765 291.548
1150 1300 98.6213 335.41
1150 1350 122.568 380.789
1150 1400 126.913 427.2
1150 1450 141.491 474.342
1150 1500 156.184 522.015
1150 200 246.348 813.941
1150 1550 171.057 570.088
1150 1600 185.977 618.466
1150 1650 201.006 667.083
1150 1700 216.068 715.891
1150 1750 231.196 764.853
1150 1800 246.348 813.941
1150 1850 261.543 863.134
1150 1900 276.759 912.414
1150 250 231.196 764.853
1150 300 216.068 715.891
1150 350 201.006 667.083
1150 400 185.977 618.466
1150 450 171.057 570.088
1150 500 156.184 522.015
1200 50 294.801 970.824
1200 100 279.704 921.954
1200 550 147.06 492.443
1200 600 133.126 447.214
1200 650 119.444 403.113
1200 700 116.36 360.555
1200 750 93.9 320.156
1200 800 82.2689 282.843
1200 850 72.1802 250
1200 900 64.1401 223.607
1200 950 58.7683 206.155
1200 1000 56.8287 200
1200 150 264.657 873.212
1200 1050 58.7683 206.155
1200 1100 64.1401 223.607
1200 1150 72.1802 250
1200 1200 82.2689 282.843
1200 1250 93.9 320.156
1200 1300 116.36 360.555
1200 1350 119.444 403.113
1200 1400 133.126 447.214
1200 1450 147.06 492.443
1200 1500 161.293 538.516
1200 200 249.645 824.621
1200 1550 175.727 585.235
1200 1600 190.3 632.456
1200 1650 205.015 680.074
1200 1700 219.81 728.011
1200 1750 234.702 776.209
1200 1800 249.645 824.621
1200 1850 264.657 873.212
1200 1900 279.704 921.954
1200 250 234.702 776.209
1200 300 219.81 728.011
1200 350 205.015 680.074
1200 400 190.3 632.456
1200 450 175.727 585.235
1200 500 161.293 538.516
1250 50 298.359 982.344
1250 100 283.448 934.077
1250 550 153.949 514.782
1250 600 140.679 471.699
1250 650 127.82 430.116
1250 700 115.557 390.512
1250 750 114.216 353.553
1250 800 93.9 320.156
1250 850 84.9765 291.548
1250 900 78.076 269.258
1250 950 73.6931 254.951
1250 1000 72.1797 250
1250 150 268.609 886.002
1250 1050 73.6931 254.951
1250 1100 78.076 269.258
1250 1150 84.9765 291.548
1250 1200 93.9 320.156
1250 1250 114.216 353.553
1250 1300 115.557 390.512
1250 1350 127.82 430.116
1250 1400 140.679 471.699
1250 1450 153.949 514.782
1250 1500 167.641 559.017
1250 200 253.825 838.153
1250 1550 181.559 604.152
1250 1600 195.73 650
1250 1650 210.064 696.419
1250 1700 224.535 743.303
1250 1750 239.141 790.569
1250 1800 253.825 838.153
1250 1850 268.609 886.002
1250 1900 283.448 934.077
1250 250 239.141 790.569
1250 300 224.535 743.303
1250 350 210.064 696.419
1250 400 195.73 650
1250 450 181.559 604.152
1250 500 167.641 559.017
1300 50 302.648 996.243
1300 100 287.961 948.683
1300 550 162.011 540.833
1300 600 149.388 500
1300 650 137.376 460.977
1300 700 126.002 424.264
1300 750 115.557 390.512
1300 800 116.36 360.555
1300 850 98.6213 335.41
1300 900 92.6789 316.228
1300 950 88.9084 304.138
1300 1000 87.615 300
1300 150 273.357 901.388
1300 1050 88.9084 304.138
1300 1100 92.6789 316.228
1300 1150 98.6213 335.41
1300 1200 116.36 360.555
1300 1250 115.557 390.512
1300 1300 126.002 424.264
1300 1350 137.376 460.977
1300 1400 149.388 500
1300 1450 162.011 540.833
1300 1500 175.068 583.095
1300 200 258.845 854.4
1300 1550 188.459 626.498
1300 1600 202.16 670.82
1300 1650 216.068 715.891
1300 1700 230.185 761.577
1300 1750 244.447 807.775
1300 1800 258.845 854.4
1300 1850 273.357 901.388
1300 1900 287.961 948.683
1300 250 244.447 807.775
1300 300 230.185 761.577
1300 350 216.068 715.891
1300 400 202.16 670.82
1300 450 188.459 626.498
1300 500 175.068 583.095
1350 50 307.645 1012.42
1350 100 293.206 965.66
1350 550 171.058 570.088
1350 600 159.123 531.507
1350 650 147.84 494.975
1350 700 137.376 460.977
1350 750 127.82 430.116
1350 800 119.444 403.113
1350 850 122.568 380.789
1350 900 117.419 364.005
1350 950 114.215 353.553
1350 1000 113.122 350
1350 150 278.867 919.239
1350 1050 114.215 353.553
1350 1100 117.419 364.005
1350 1150 122.568 380.789
1350 1200 119.444 403.113
1350 1250 127.82 430.116
1350 1300 137.376 460.977
1350 1350 147.84 494.975
1350 1400 159.123 531.507
1350 1450 171.058 570.088
1350 1500 183.466 610.328
1350 200 264.658 873.212
1350 1550 196.323 651.92
1350 1600 209.51 694.622
1350 1650 222.971 738.241
1350 1700 236.687 782.624
1350 1750 250.581 827.647
1350 1800 264.658 873.212
1350 1850 278.867 919.239
1350 1900 293.206 965.66
1350 250 250.581 827.647
1350 300 236.687 782.624
1350 350 222.971 738.241
1350 400 209.51 694.622
1350 450 196.323 651.92
1350 500 183.466 610.328
1400 50 313.313 1030.78
1400 100 299.144 984.886
1400 550 180.92 602.08
1400 600 169.7 565.685
1400 650 159.123 531.507
1400 700 149.388 500
1400 750 140.679 471.699
1400 800 133.126 447.214
1400 850 126.913 427.2
1400 900 122.291 412.311
1400 950 119.443 403.113
1400 1000 118.48 400
1400 150 285.1 939.415
1400 1050 119.443 403.113
1400 1100 122.291 412.311
1400 1150 126.913 427.2
1400 1200 133.126 447.214
1400 1250 140.679 471.699
1400 1300 149.388 500
1400 1350 159.123 531.507
1400 1400 169.7 565.685
1400 1450 180.92 602.08
1400 1500 192.729 640.312
1400 200 271.209 894.427
1400 1550 205.016 680.074
1400 1600 217.68 721.11
1400 1650 230.692 763.217
1400 1700 243.969 806.226
1400 1750 257.486 850
1400 1800 271.209 894.427
1400 1850 285.1 939.415
1400 1900 299.144 984.886
1400 250 257.486 850
1400 300 243.969 806.226
1400 350 230.692 763.217
1400 400 217.68 721.11
1400 450 205.016 680.074
1400 500 192.729 640.312
1450 50 319.618 1051.19
1450 100 305.733 1006.23
1450 550 191.518 636.396
1450 600 180.92 602.08
1450 650 171.058 570.088
1450 700 162.011 540.833
1450 750 153.949 514.782
1450 800 147.06 492.443
1450 850 141.491 474.342
1450 900 137.375 460.977
1450 950 134.847 452.769
1450 1000 133.989 450
1450 150 292.004 961.769
1450 1050 134.847 452.769
1450 1100 137.375 460.977
1450 1150 141.491 474.342
1450 1200 147.06 492.443
1450 1250 153.949 514.782
1450 1300 162.011 540.833
1450 1350 171.058 570.088
1450 1400 180.92 602.08
1450 1450 191.518 636.396
1450 1500 202.735 672.681
1450 200 278.447 917.878
1450 1550 214.446 710.634
1450 1600 226.609 750
1450 1650 239.142 790.569
1450 1700 251.977 832.166
1450 1750 265.1 874.643
1450 1800 278.447 917.878
1450 1850 292.004 961.769
1450 1900 305.733 1006.23
1450 250 265.1 874.643
1450 300 251.977 832.166
1450 350 239.142 790.569
1450 400 226.609 750
1450 450 214.446 710.634
1450 500 202.735 672.681
1500 50 326.522 1073.55
1500 100 312.94 1029.56
1500 550 202.735 672.681
1500 600 192.729 640.312
1500 650 183.466 610.328
1500 700 175.068 583.095
1500 750 167.641 559.017
1500 800 161.293 538.516
1500 850 156.184 522.015
1500 900 152.441 509.902
1500 950 150.155 502.494
1500 1000 149.387 500
1500 150 299.536 986.154
1500 1050 150.155 502.494
1500 1100 152.441 509.902
1500 1150 156.184 522.015
1500 1200 161.293 538.516
1500 1250 167.641 559.017
1500 1300 175.068 583.095
1500 1350 183.466 610.328
1500 1400 192.729 640.312
1500 1450 202.735 672.681
1500 1500 213.358 707.107
1500 200 286.33 943.398
1500 1550 224.536 743.303
1500 1600 236.193 781.025
1500 1650 248.239 820.061
1500 1700 260.648 860.233
1500 1750 273.358 901.388
1500 1800 286.33 943.398
1500 1850 299.536 986.154
1500 1900 312.94 1029.56
1500 250 273.358 901.388
1500 300 260.648 860.233
1500 350 248.239 820.061
1500 400 236.193 781.025
1500 450 224.536 743.303
1500 500 213.358 707.107
150 50 388.66 1274.75
150 100 377.289 1237.94
150 550 292.004 961.769
150 600 285.1 939.415
150 650 278.867 919.239
150 700 273.357 901.388
150 750 268.609 886.002
150 800 264.657 873.212
150 850 261.543 863.134
150 900 259.296 855.862
150 950 257.939 851.469
150 1000 257.485 850
150 150 366.217 1202.08
150 1050 257.939 851.469
150 1100 259.296 855.862
150 1150 261.543 863.134
150 1200 264.657 873.212
150 1250 268.609 886.002
150 1300 273.357 901.388
150 1350 278.867 919.239
150 1400 285.1 939.415
150 1450 292.004 961.769
150 1500 299.536 986.154
150 200 355.464 1167.26
150 1550 307.646 1012.42
150 1600 316.296 1040.43
150 1650 325.442 1070.05
150 1700 335.043 1101.14
150 1750 345.061 1133.58
150 1800 355.464 1167.26
150 1850 366.217 1202.08
150 1900 377.289 1237.94
150 250 345.061 1133.58
150 300 335.043 1101.14
150 350 325.442 1070.05
150 400 316.296 1040.43
150 450 307.646 1012.42
150 500 299.536 986.154
1550 50 333.988 1097.72
1550 100 320.718 1054.75
1550 550 214.446 710.634
1550 600 205.016 680.074
1550 650 196.323 651.92
1550 700 188.459 626.498
1550 750 181.559 604.152
1550 800 175.727 585.235
1550 850 171.057 570.088
1550 900 167.64 559.017
1550 950 165.551 552.268
1550 1000 164.848 550
1550 150 307.646 1012.42
1550 1050 165.551 552.268
1550 1100 167.64 559.017
1550 1150 171.057 570.088
1550 1200 175.727 585.235
1550 1250 181.559 604.152
1550 1300 188.459 626.498
1550 1350 196.323 651.92
1550 1400 205.016 680.074
1550 1450 214.446 710.634
1550 1500 224.536 743.303
1550 200 294.802 970.824
1550 1550 235.202 777.817
1550 1600 246.35 813.941
1550 1650 257.941 851.469
1550 1700 269.915 890.225
1550 1750 282.207 930.054
1550 1800 294.802 970.824
1550 1850 307.646 1012.42
1550 1900 320.718 1054.75
1550 250 282.207 930.054
1550 300 269.915 890.225
1550 350 257.941 851.469
1550 400 246.35 813.941
1550 450 235.202 777.817
1550 500 224.536 743.303
1600 50 341.983 1123.61
1600 100 329.031 1081.67
1600 550 226.609 750
1600 600 217.68 721.11
1600 650 209.51 694.622
1600 700 202.16 670.82
1600 750 195.73 650
1600 800 190.3 632.456
1600 850 185.977 618.466
1600 900 182.832 608.276
1600 950 180.919 602.08
1600 1000 180.288 600
1600 150 316.296 1040.43
1600 1050 180.919 602.08
1600 1100 182.832 608.276
1600 1150 185.977 618.466
1600 1200 190.3 632.456
1600 1250 195.73 650
1600 1300 202.16 670.82
1600 1350 209.51 694.622
1600 1400 217.68 721.11
1600 1450 226.609 750
1600 1500 236.193 781.025
1600 200 303.811 1000
1600 1550 246.35 813.941
1600 1600 257.032 848.528
1600 1650 268.174 884.59
1600 1700 279.706 921.954
1600 1750 291.603 960.469
1600 1800 303.811 1000
1600 1850 316.296 1040.43
1600 1900 329.031 1081.67
1600 250 291.603 960.469
1600 300 279.706 921.954
1600 350 268.174 884.59
1600 400 257.032 848.528
1600 450 246.35 813.941
1600 500 236.193 781.025
1650 50 350.467 1151.09
1650 100 337.838 1110.18
1650 550 239.142 790.569
1650 600 230.692 763.217
1650 650 222.971 738.241
1650 700 216.068 715.891
1650 750 210.064 696.419
1650 800 205.015 680.074
1650 850 201.006 667.083
1650 900 198.091 657.647
1650 950 196.322 651.92
1650 1000 195.729 650
1650 150 325.442 1070.05
1650 1050 196.322 651.92
1650 1100 198.091 657.647
1650 1150 201.006 667.083
1650 1200 205.015 680.074
1650 1250 210.064 696.419
1650 1300 216.068 715.891
1650 1350 222.971 738.241
1650 1400 230.692 763.217
1650 1450 239.142 790.569
1650 1500 248.239 820.061
1650 200 313.315 1030.78
1650 1550 257.941 851.469
1650 1600 268.174 884.59
1650 1650 278.868 919.239
1650 1700 289.99 955.249
1650 1750 301.486 992.472
1650 1800 313.315 1030.78
1650 1850 325.442 1070.05
1650 1900 337.838 1110.18
1650 250 301.486 992.472
1650 300 289.99 955.249
1650 350 278.868 919.239
1650 400 268.174 884.59
1650 450 257.941 851.469
1650 500 248.239 820.061
1700 50 359.411 1180.04
1700 100 347.096 1140.18
1700 550 251.977 832.166
1700 600 243.969 806.226
1700 650 236.687 782.624
1700 700 230.185 761.577
1700 750 224.535 743.303
1700 800 219.81 728.011
1700 850 216.068 715.891
1700 900 213.357 707.107
1700 950 211.712 701.783
1700 1000 211.162 700
1700 150 335.043 1101.14
1700 1050 211.712 701.783
1700 1100 213.357 707.107
1700 1150 216.068 715.891
1700 1200 219.81 728.011
1700 1250 224.535 743.303
1700 1300 230.185 761.577
1700 1350 236.687 782.624
1700 1400 243.969 806.226
1700 1450 251.977 832.166
1700 1500 260.648 860.233
1700 200 323.271 1063.01
1700 1550 269.915 890.225
1700 1600 279.706 921.954
1700 1650 289.99 955.249
1700 1700 300.709 989.949
1700 1750 311.814 1025.91
1700 1800 323.271 1063.01
1700 1850 335.043 1101.14
1700 1900 347.096 1140.18
1700 250 311.814 1025.91
1700 300 300.709 989.949
1700 350 289.99 955.249
1700 400 279.706 921.954
1700 450 269.915 890.225
1700 500 260.648 860.233
1750 50 368.777 1210.37
1750 100 356.784 1171.54
1750 550 265.1 874.643
1750 600 257.486 850
1750 650 250.581 827.647
1750 700 244.447 807.775
1750 750 239.141 790.569
1750 800 234.702 776.209
1750 850 231.196 764.853
1750 900 228.658 756.637
1750 950 227.122 751.665
1750 1000 226.608 750
1750 150 345.061 1133.58
1750 1050 227.122 751.665
1750 1100 228.658 756.637
1750 1150 231.196 764.853
1750 1200 234.702 776.209
1750 1250 239.141 790.569
1750 1300 244.447 807.775
1750 1350 250.581 827.647
1750 1400 257.486 850
1750 1450 265.1 874.643
1750 1500 273.358 901.388
1750 200 333.638 1096.59
1750 1550 282.207 930.054
1750 1600 291.603 960.469
1750 1650 301.486 992.472
1750 1700 311.814 1025.91
1750 1750 322.544 1060.66
1750 1800 333.638 1096.59
1750 1850 345.061 1133.58
1750 1900 356.784 1171.54
1750 250 322.544 1060.66
1750 300 311.814 1025.91
1750 350 301.486 992.472
1750 400 291.603 960.469
1750 450 282.207 930.054
1750 500 273.358 901.388
1800 50 378.534 1241.97
1800 100 366.859 1204.16
1800 550 278.447 917.878
1800 600 271.209 894.427
1800 650 264.658 873.212
1800 700 258.845 854.4
1800 750 253.825 838.153
1800 800 249.645 824.621
1800 850 246.348 813.941
1800 900 243.968 806.226
1800 950 242.528 801.561
1800 1000 242.045 800
1800 150 355.464 1167.26
1800 1050 242.528 801.561
1800 1100 243.968 806.226
1800 1150 246.348 813.941
1800 1200 249.645 824.621
1800 1250 253.825 838.153
1800 1300 258.845 854.4
1800 1350 264.658 873.212
1800 1400 271.209 894.427
1800 1450 278.447 917.878
1800 1500 286.33 943.398
1800 200 344.38 1131.37
1800 1550 294.802 970.824
1800 1600 303.811 1000
1800 1650 313.315 1030.78
1800 1700 323.271 1063.01
1800 1750 333.638 1096.59
1800 1800 344.38 1131.37
1800 1850 355.464 1167.26
1800 1900 366.859 1204.16
1800 250 333.638 1096.59
1800 300 323.271 1063.01
1800 350 313.315 1030.78
1800 400 303.811 1000
1800 450 294.802 970.824
1800 500 286.33 943.398
1850 50 388.66 1274.75
1850 100 377.289 1237.94
1850 550 292.004 961.769
1850 600 285.1 939.415
1850 650 278.867 919.239
1850 700 273.357 901.388
1850 750 268.609 886.002
1850 800 264.657 873.212
1850 850 261.543 863.134
1850 900 259.296 855.862
1850 950 257.939 851.469
1850 1000 257.485 850
1850 150 366.217 1202.08
1850 1050 257.939 851.469
1850 1100 259.296 855.862
1850 1150 261.543 863.134
1850 1200 264.657 873.212
1850 1250 268.609 886.002
1850 1300 273.357 901.388
1850 1350 278.867 919.239
1850 1400 285.1 939.415
1850 1450 292.004 961.769
1850 1500 299.536 986.154
1850 200 355.464 1167.26
1850 1550 307.646 1012.42
1850 1600 316.296 1040.43
1850 1650 325.442 1070.05
1850 1700 335.043 1101.14
1850 1750 345.061 1133.58
1850 1800 355.464 1167.26
1850 1850 366.217 1202.08
1850 1900 377.289 1237.94
1850 250 345.061 1133.58
1850 300 335.043 1101.14
1850 350 325.442 1070.05
1850 400 316.296 1040.43
1850 450 307.646 1012.42
1850 500 299.536 986.154
1900 50 399.119 1308.63
1900 100 388.052 1272.79
1900 550 305.733 1006.23
1900 600 299.144 984.886
1900 650 293.206 965.66
1900 700 287.961 948.683
1900 750 283.448 934.077
1900 800 279.704 921.954
1900 850 276.759 912.414
1900 900 274.637 905.539
1900 950 273.356 901.388
1900 1000 272.928 900
1900 150 377.289 1237.94
1900 1050 273.356 901.388
1900 1100 274.637 905.539
1900 1150 276.759 912.414
1900 1200 279.704 921.954
1900 1250 283.448 934.077
1900 1300 287.961 948.683
1900 1350 293.206 965.66
1900 1400 299.144 984.886
1900 1450 305.733 1006.23
1900 1500 312.94 1029.56
1900 200 366.859 1204.16
1900 1550 320.718 1054.75
1900 1600 329.031 1081.67
1900 1650 337.838 1110.18
1900 1700 347.096 1140.18
1900 1750 356.784 1171.54
1900 1800 366.859 1204.16
1900 1850 377.289 1237.94
1900 1900 388.052 1272.79
1900 250 356.784 1171.54
1900 300 347.096 1140.18
1900 350 337.838 1110.18
1900 400 329.031 1081.67
1900 450 320.718 1054.75
1900 500 312.94 1029.56
200 50 378.534 1241.97
200 100 366.859 1204.16
200 550 278.447 917.878
200 600 271.209 894.427
200 650 264.658 873.212
200 700 258.845 854.4
200 750 253.825 838.153
200 800 249.645 824.621
200 850 246.348 813.941
200 900 243.968 806.226
200 950 242.528 801.561
200 1000 242.045 800
200 150 355.464 1167.26
200 1050 242.528 801.561
200 1100 243.968 806.226
200 1150 246.348 813.941
200 1200 249.645 824.621
200 1250 253.825 838.153
200 1300 258.845 854.4
200 1350 264.658 873.212
200 1400 271.209 894.427
200 1450 278.447 917.878
200 1500 286.33 943.398
200 200 344.38 1131.37
200 1550 294.802 970.824
200 1600 303.811 1000
200 1650 313.315 1030.78
200 1700 323.271 1063.01
200 1750 333.638 1096.59
200 1800 344.38 1131.37
200 1850 355.464 1167.26
200 1900 366.859 1204.16
200 250 333.638 1096.59
200 300 323.271 1063.01
200 350 313.315 1030.78
200 400 303.811 1000
200 450 294.802 970.824
200 500 286.33 943.398
250 50 368.777 1210.37
250 100 356.784 1171.54
250 550 265.1 874.643
250 600 257.486 850
250 650 250.581 827.647
250 700 244.447 807.775
250 750 239.141 790.569
250 800 234.702 776.209
250 850 231.196 764.853
250 900 228.658 756.637
250 950 227.122 751.665
250 1000 226.608 750
250 150 345.061 1133.58
250 1050 227.122 751.665
250 1100 228.658 756.637
250 1150 231.196 764.853
250 1200 234.702 776.209
250 1250 239.141 790.569
250 1300 244.447 807.775
250 1350 250.581 827.647
250 1400 257.486 850
250 1450 265.1 874.643
250 1500 273.358 901.388
250 200 333.638 1096.59
250 1550 282.207 930.054
250 1600 291.603 960.469
250 1650 301.486 992.472
250 1700 311.814 1025.91
250 1750 322.544 1060.66
250 1800 333.638 1096.59
250 1850 345.061 1133.58
250 1900 356.784 1171.54
250 250 322.544 1060.66
250 300 311.814 1025.91
250 350 301.486 992.472
250 400 291.603 960.469
250 450 282.207 930.054
250 500 273.358 901.388
300 50 359.411 1180.04
300 100 347.096 1140.18
300 550 251.977 832.166
300 600 243.969 806.226
300 650 236.687 782.624
300 700 230.185 761.577
300 750 224.535 743.303
300 800 219.81 728.011
300 850 216.068 715.891
300 900 213.357 707.107
300 950 211.712 701.783
300 1000 211.162 700
300 150 335.043 1101.14
300 1050 211.712 701.783
300 1100 213.357 707.107
300 1150 216.068 715.891
300 1200 219.81 728.011
300 1250 224.535 743.303
300 1300 230.185 761.577
300 1350 236.687 782.624
300 1400 243.969 806.226
300 1450 251.977 832.166
300 1500 260.648 860.233
300 200 323.271 1063.01
300 1550 269.915 890.225
300 1600 279.706 921.954
300 1650 289.99 955.249
300 1700 300.709 989.949
300 1750 311.814 1025.91
300 1800 323.271 1063.01
300 1850 335.043 1101.14
300 1900 347.096 1140.18
300 250 311.814 1025.91
300 300 300.709 989.949
300 350 289.99 955.249
300 400 279.706 921.954
300 450 269.915 890.225
300 500 260.648 860.233
350 50 350.467 1151.09
350 100 337.838 1110.18
350 550 239.142 790.569
350 600 230.692 763.217
350 650 222.971 738.241
350 700 216.068 715.891
350 750 210.064 696.419
350 800 205.015 680.074
350 850 201.006 667.083
350 900 198.091 657.647
350 950 196.322 651.92
350 1000 195.729 650
350 150 325.442 1070.05
350 1050 196.322 651.92
350 1100 198.091 657.647
350 1150 201.006 667.083
350 1200 205.015 680.074
350 1250 210.064 696.419
350 1300 216.068 715.891
350 1350 222.971 738.241
350 1400 230.692 763.217
350 1450 239.142 790.569
350 1500 248.239 820.061
350 200 313.315 1030.78
350 1550 257.941 851.469
350 1600 268.174 884.59
350 1650 278.868 919.239
350 1700 289.99 955.249
350 1750 301.486 992.472
350 1800 313.315 1030.78
350 1850 325.442 1070.05
350 1900 337.838 1110.18
350 250 301.486 992.472
350 300 289.99 955.249
350 350 278.868 919.239
350 400 268.174 884.59
350 450 257.941 851.469
350 500 248.239 820.061
400 50 341.983 1123.61
400 100 329.031 1081.67
400 550 226.609 750
400 600 217.68 721.11
400 650 209.51 694.622
400 700 202.16 670.82
400 750 195.73 650
400 800 190.3 632.456
400 850 185.977 618.466
400 900 182.832 608.276
400 950 180.919 602.08
400 1000 180.288 600
400 150 316.296 1040.43
400 1050 180.919 602.08
400 1100 182.832 608.276
400 1150 185.977 618.466
400 1200 190.3 632.456
400 1250 195.73 650
400 1300 202.16 670.82
400 1350 209.51 694.622
400 1400 217.68 721.11
400 1450 226.609 750
400 1500 236.193 781.025
400 200 303.811 1000
400 1550 246.35 813.941
400 1600 257.032 848.528
400 1650 268.174 884.59
400 1700 279.706 921.954
400 1750 291.603 960.469
400 1800 303.811 1000
400 1850 316.296 1040.43
400 1900 329.031 1081.67
400 250 291.603 960.469
400 300 279.706 921.954
400 350 268.174 884.59
400 400 257.032 848.528
400 450 246.35 813.941
400 500 236.193 781.025
450 50 333.988 1097.72
450 100 320.718 1054.75
450 550 214.446 710.634
450 600 205.016 680.074
450 650 196.323 651.92
450 700 188.459 626.498
450 750 181.559 604.152
450 800 175.727 585.235
450 850 171.057 570.088
450 900 167.64 559.017
450 950 165.551 552.268
450 1000 164.848 550
450 150 307.646 1012.42
450 1050 165.551 552.268
450 1100 167.64 559.017
450 1150 171.057 570.088
450 1200 175.727 585.235
450 1250 181.559 604.152
450 1300 188.459 626.498
450 1350 196.323 651.92
450 1400 205.016 680.074
450 1450 214.446 710.634
450 1500 224.536 743.303
450 200 294.802 970.824
450 1550 235.202 777.817
450 1600 246.35 813.941
450 1650 257.941 851.469
450 1700 269.915 890.225
450 1750 282.207 930.054
450 1800 294.802 970.824
450 1850 307.646 1012.42
450 1900 320.718 1054.75
450 250 282.207 930.054
450 300 269.915 890.225
450 350 257.941 851.469
450 400 246.35 813.941
450 450 235.202 777.817
450 500 224.536 743.303
500 50 326.522 1073.55
500 100 312.94 1029.56
500 550 202.735 672.681
500 600 192.729 640.312
500 650 183.466 610.328
500 700 175.068 583.095
500 750 167.641 559.017
500 800 161.293 538.516
500 850 156.184 522.015
500 900 152.441 509.902
500 950 150.155 502.494
500 1000 149.387 500
500 150 299.536 986.154
500 1050 150.155 502.494
500 1100 152.441 509.902
500 1150 156.184 522.015
500 1200 161.293 538.516
500 1250 167.641 559.017
500 1300 175.068 583.095
500 1350 183.466 610.328
500 1400 192.729 640.312
500 1450 202.735 672.681
500 1500 213.358 707.107
500 200 286.33 943.398
500 1550 224.536 743.303
500 1600 236.193 781.025
500 1650 248.239 820.061
500 1700 260.648 860.233
500 1750 273.358 901.388
500 1800 286.33 943.398
500 1850 299.536 986.154
500 1900 312.94 1029.56
500 250 273.358 901.388
500 300 260.648 860.233
500 350 248.239 820.061
500 400 236.193 781.025
500 450 224.536 743.303
500 500 213.358 707.107
